la=-2.000000
0.000000 0.000000 0.000000 0.000000 0.000000 0.000000 0.000000 0.000000 0.000000 0.000000 0.000530 0.002135 0.003472 0.004603 0.005571 0.006410 0.007143 0.007789 0.008363 0.008876 0.009337 0.009753 0.010132 0.010477 0.010793 0.011083 0.011350 0.011598 0.011827 0.012040 0.012238 0.012424 0.012597 0.012760 0.012913 0.013057 0.013192 0.013320 0.013441 0.013556 0.013665 0.013768 0.013866 0.013959 0.014047 0.014132 0.014213 0.014290 0.014363 0.014434 0.014501 
0.000000 0.000000 0.000000 0.000000 0.000000 0.000000 0.000000 0.000000 0.000000 0.000000 0.007742 0.078095 0.146019 0.204205 0.254263 0.297701 0.335720 0.369259 0.399057 0.425700 0.449660 0.471317 0.490986 0.508925 0.525350 0.540443 0.554357 0.567223 0.579153 0.590244 0.600580 0.610234 0.619270 0.627744 0.635706 0.643199 0.650263 0.656933 0.663239 0.669210 0.674871 0.680244 0.685350 0.690209 0.694836 0.699247 0.703456 0.707477 0.711321 0.714998 0.718520 
0.000000 0.000000 0.000000 0.000000 0.000000 0.000000 0.000000 0.000000 0.000000 0.000000 0.003963 0.078280 0.146436 0.204604 0.254609 0.297998 0.335975 0.369481 0.399252 0.425873 0.449815 0.471457 0.491113 0.509042 0.525457 0.540542 0.554449 0.567308 0.579233 0.590319 0.600651 0.610301 0.619333 0.627804 0.635762 0.643253 0.650314 0.656982 0.663286 0.669255 0.674914 0.680285 0.685390 0.690247 0.694872 0.699282 0.703490 0.707510 0.711353 0.715029 0.718550 
0.000000 0.000000 0.000000 0.000000 0.000000 0.000000 0.000000 0.000000 0.000000 0.000000 0.000800 0.078192 0.146601 0.204814 0.254818 0.298192 0.336153 0.369642 0.399399 0.426007 0.449937 0.471569 0.491217 0.509138 0.525547 0.540625 0.554527 0.567382 0.579302 0.590384 0.600712 0.610359 0.619388 0.627856 0.635813 0.643301 0.650360 0.657026 0.663328 0.669295 0.674952 0.680322 0.685426 0.690281 0.694906 0.699314 0.703522 0.707540 0.711382 0.715057 0.718577 
0.000000 0.000000 0.000000 0.000000 0.000000 0.000000 0.000000 0.000000 0.000000 0.000000 0.000335 0.078060 0.146672 0.204940 0.254958 0.298331 0.336285 0.369767 0.399514 0.426115 0.450037 0.471663 0.491304 0.509219 0.525623 0.540698 0.554595 0.567446 0.579363 0.590442 0.600767 0.610411 0.619438 0.627904 0.635858 0.643344 0.650402 0.657066 0.663366 0.669332 0.674988 0.680357 0.685459 0.690313 0.694937 0.699344 0.703550 0.707568 0.711409 0.715083 0.718602 
0.000000 0.000000 0.000000 0.000000 0.000000 0.000000 0.000000 0.000000 0.000000 0.000000 0.000274 0.077944 0.146706 0.205025 0.255060 0.298438 0.336391 0.369868 0.399611 0.426206 0.450123 0.471744 0.491381 0.509291 0.525692 0.540762 0.554656 0.567504 0.579418 0.590495 0.600817 0.610459 0.619484 0.627948 0.635900 0.643385 0.650441 0.657103 0.663402 0.669367 0.675021 0.680389 0.685490 0.690343 0.694965 0.699372 0.703577 0.707594 0.711434 0.715108 0.718626 
0.000000 0.000000 0.000000 0.000000 0.000000 0.000000 0.000000 0.000000 0.000000 0.000000 0.000256 0.077857 0.146728 0.205089 0.255142 0.298525 0.336479 0.369954 0.399694 0.426285 0.450199 0.471816 0.491449 0.509357 0.525754 0.540821 0.554712 0.567558 0.579469 0.590544 0.600864 0.610504 0.619527 0.627989 0.635940 0.643423 0.650477 0.657138 0.663436 0.669399 0.675053 0.680419 0.685520 0.690372 0.694993 0.699399 0.703603 0.707619 0.711459 0.715132 0.718649 
0.000000 0.000000 0.000000 0.000000 0.000000 0.000000 0.000000 0.000000 0.000000 0.000000 0.000252 0.077798 0.146749 0.205144 0.255211 0.298601 0.336556 0.370031 0.399769 0.426358 0.450269 0.471883 0.491513 0.509418 0.525812 0.540877 0.554766 0.567609 0.579518 0.590590 0.600909 0.610547 0.619568 0.628029 0.635978 0.643460 0.650513 0.657172 0.663469 0.669431 0.675084 0.680449 0.685548 0.690400 0.695020 0.699425 0.703629 0.707644 0.711482 0.715155 0.718672 
0.000000 0.000000 0.000000 0.000000 0.000000 0.000000 0.000000 0.000000 0.000000 0.000000 0.000254 0.077762 0.146772 0.205195 0.255275 0.298671 0.336628 0.370103 0.399839 0.426426 0.450334 0.471946 0.491574 0.509476 0.525868 0.540930 0.554817 0.567658 0.579565 0.590636 0.600953 0.610589 0.619609 0.628068 0.636015 0.643496 0.650548 0.657206 0.663502 0.669463 0.675114 0.680479 0.685577 0.690427 0.695047 0.699451 0.703654 0.707668 0.711506 0.715178 0.718694 
0.000000 0.000000 0.000000 0.000000 0.000000 0.000000 0.000000 0.000000 0.000000 0.000000 0.000259 0.077746 0.146801 0.205245 0.255337 0.298738 0.336697 0.370171 0.399906 0.426491 0.450398 0.472007 0.491633 0.509533 0.525922 0.540983 0.554867 0.567706 0.579612 0.590680 0.600996 0.610630 0.619649 0.628106 0.636052 0.643532 0.650582 0.657239 0.663534 0.669494 0.675144 0.680508 0.685605 0.690455 0.695073 0.699477 0.703679 0.707692 0.711529 0.715201 0.718716 
0.000000 0.000000 0.000000 0.000000 0.000000 0.000000 0.000000 0.000000 0.000000 0.000000 0.000266 0.077747 0.146836 0.205298 0.255398 0.298803 0.336764 0.370238 0.399973 0.426556 0.450460 0.472068 0.491691 0.509589 0.525977 0.541035 0.554917 0.567755 0.579658 0.590725 0.601039 0.610672 0.619689 0.628145 0.636090 0.643568 0.650617 0.657273 0.663566 0.669525 0.675175 0.680537 0.685634 0.690482 0.695100 0.699503 0.703704 0.707717 0.711553 0.715224 0.718739 
0.000000 0.000000 0.000000 0.000000 0.000000 0.000000 0.000000 0.000000 0.000000 0.000000 0.000275 0.077762 0.146878 0.205354 0.255462 0.298870 0.336831 0.370306 0.400039 0.426621 0.450523 0.472129 0.491750 0.509646 0.526031 0.541088 0.554968 0.567803 0.579705 0.590771 0.601083 0.610714 0.619729 0.628184 0.636128 0.643604 0.650653 0.657307 0.663600 0.669557 0.675206 0.680567 0.685663 0.690511 0.695128 0.699529 0.703730 0.707742 0.711578 0.715247 0.718761 
0.000000 0.000000 0.000000 0.000000 0.000000 0.000000 0.000000 0.000000 0.000000 0.000000 0.000285 0.077790 0.146926 0.205413 0.255527 0.298938 0.336900 0.370374 0.400106 0.426686 0.450587 0.472190 0.491810 0.509703 0.526087 0.541141 0.555020 0.567853 0.579754 0.590817 0.601127 0.610758 0.619771 0.628225 0.636167 0.643642 0.650689 0.657343 0.663634 0.669590 0.675238 0.680598 0.685693 0.690540 0.695156 0.699557 0.703756 0.707768 0.711603 0.715272 0.718785 
0.000000 0.000000 0.000000 0.000000 0.000000 0.000000 0.000000 0.000000 0.000000 0.000000 0.000297 0.077829 0.146982 0.205478 0.255596 0.299009 0.336971 0.370444 0.400175 0.426753 0.450652 0.472254 0.491871 0.509762 0.526144 0.541196 0.555073 0.567905 0.579803 0.590865 0.601174 0.610802 0.619814 0.628266 0.636207 0.643681 0.650727 0.657379 0.663669 0.669625 0.675271 0.680631 0.685724 0.690570 0.695185 0.699585 0.703784 0.707794 0.711628 0.715297 0.718809 
0.000000 0.000000 0.000000 0.000000 0.000000 0.000000 0.000000 0.000000 0.000000 0.000000 0.000309 0.077878 0.147044 0.205547 0.255669 0.299083 0.337045 0.370517 0.400246 0.426823 0.450720 0.472319 0.491934 0.509824 0.526203 0.541253 0.555128 0.567958 0.579854 0.590914 0.601221 0.610848 0.619859 0.628309 0.636249 0.643721 0.650766 0.657417 0.663706 0.669660 0.675305 0.680664 0.685756 0.690601 0.695215 0.699615 0.703813 0.707822 0.711655 0.715323 0.718835 
0.000000 0.000000 0.000000 0.000000 0.000000 0.000000 0.000000 0.000000 0.000000 0.000000 0.000322 0.077936 0.147113 0.205622 0.255746 0.299160 0.337122 0.370593 0.400320 0.426895 0.450790 0.472387 0.492000 0.509887 0.526264 0.541313 0.555185 0.568013 0.579908 0.590966 0.601271 0.610896 0.619906 0.628354 0.636292 0.643764 0.650807 0.657456 0.663744 0.669697 0.675341 0.680699 0.685790 0.690634 0.695247 0.699645 0.703842 0.707851 0.711683 0.715350 0.718861 
0.000000 0.000000 0.000000 0.000000 0.000000 0.000000 0.000000 0.000000 0.000000 0.000000 0.000336 0.078004 0.147189 0.205702 0.255827 0.299242 0.337203 0.370672 0.400398 0.426970 0.450863 0.472458 0.492068 0.509953 0.526328 0.541374 0.555245 0.568071 0.579963 0.591020 0.601323 0.610947 0.619954 0.628401 0.636338 0.643808 0.650849 0.657498 0.663784 0.669736 0.675379 0.680735 0.685825 0.690668 0.695280 0.699677 0.703873 0.707881 0.711713 0.715379 0.718889 
0.000000 0.000000 0.000000 0.000000 0.000000 0.000000 0.000000 0.000000 0.000000 0.000000 0.000351 0.078081 0.147272 0.205788 0.255914 0.299329 0.337288 0.370756 0.400479 0.427049 0.450939 0.472532 0.492140 0.510022 0.526395 0.541439 0.555307 0.568131 0.580022 0.591076 0.601378 0.610999 0.620005 0.628451 0.636386 0.643854 0.650894 0.657541 0.663826 0.669776 0.675418 0.680773 0.685862 0.690704 0.695315 0.699711 0.703906 0.707913 0.711744 0.715409 0.718918 
0.000000 0.000000 0.000000 0.000000 0.000000 0.000000 0.000000 0.000000 0.000000 0.000000 0.000367 0.078167 0.147363 0.205880 0.256007 0.299420 0.337378 0.370843 0.400564 0.427132 0.451020 0.472609 0.492215 0.510095 0.526465 0.541507 0.555373 0.568194 0.580083 0.591135 0.601435 0.611055 0.620058 0.628502 0.636435 0.643902 0.650941 0.657586 0.663870 0.669819 0.675459 0.680813 0.685901 0.690741 0.695351 0.699746 0.703940 0.707946 0.711776 0.715440 0.718948 
0.000000 0.000000 0.000000 0.000000 0.000000 0.000000 0.000000 0.000000 0.000000 0.000000 0.000385 0.078262 0.147461 0.205980 0.256106 0.299517 0.337473 0.370936 0.400654 0.427219 0.451104 0.472691 0.492294 0.510171 0.526539 0.541578 0.555441 0.568260 0.580147 0.591197 0.601495 0.611112 0.620114 0.628556 0.636488 0.643953 0.650990 0.657634 0.663916 0.669864 0.675502 0.680855 0.685941 0.690781 0.695390 0.699783 0.703976 0.707981 0.711810 0.715473 0.718980 
0.000000 0.000000 0.000000 0.000000 0.000000 0.000000 0.000000 0.000000 0.000000 0.000000 0.000403 0.078366 0.147567 0.206086 0.256211 0.299620 0.337574 0.371034 0.400749 0.427311 0.451193 0.472777 0.492377 0.510251 0.526616 0.541652 0.555514 0.568330 0.580214 0.591262 0.601557 0.611173 0.620173 0.628613 0.636543 0.644006 0.651041 0.657684 0.663964 0.669910 0.675548 0.680899 0.685984 0.690822 0.695430 0.699822 0.704014 0.708018 0.711845 0.715507 0.719014 
0.000000 0.000000 0.000000 0.000000 0.000000 0.000000 0.000000 0.000000 0.000000 0.000000 0.000423 0.078480 0.147682 0.206200 0.256323 0.299730 0.337680 0.371137 0.400849 0.427408 0.451286 0.472867 0.492464 0.510335 0.526697 0.541731 0.555589 0.568403 0.580285 0.591330 0.601624 0.611237 0.620235 0.628673 0.636601 0.644062 0.651096 0.657736 0.664015 0.669960 0.675596 0.680945 0.686029 0.690866 0.695472 0.699863 0.704054 0.708056 0.711883 0.715543 0.719049 
0.000000 0.000000 0.000000 0.000000 0.000000 0.000000 0.000000 0.000000 0.000000 0.000000 0.000445 0.078604 0.147806 0.206322 0.256442 0.299846 0.337793 0.371246 0.400955 0.427510 0.451385 0.472962 0.492556 0.510424 0.526783 0.541813 0.555669 0.568480 0.580359 0.591402 0.601693 0.611304 0.620300 0.628736 0.636662 0.644121 0.651153 0.657791 0.664068 0.670011 0.675646 0.680994 0.686076 0.690911 0.695516 0.699906 0.704095 0.708097 0.711922 0.715581 0.719086 
0.000000 0.000000 0.000000 0.000000 0.000000 0.000000 0.000000 0.000000 0.000000 0.000000 0.000469 0.078739 0.147939 0.206452 0.256569 0.299969 0.337913 0.371362 0.401066 0.427618 0.451489 0.473062 0.492652 0.510517 0.526873 0.541900 0.555753 0.568561 0.580438 0.591478 0.601766 0.611375 0.620368 0.628802 0.636726 0.644183 0.651212 0.657849 0.664125 0.670066 0.675698 0.681045 0.686126 0.690959 0.695563 0.699951 0.704139 0.708139 0.711963 0.715621 0.719124 
0.000000 0.000000 0.000000 0.000000 0.000000 0.000000 0.000000 0.000000 0.000000 0.000000 0.000495 0.078884 0.148082 0.206592 0.256705 0.300101 0.338040 0.371484 0.401185 0.427732 0.451599 0.473168 0.492755 0.510616 0.526968 0.541992 0.555841 0.568647 0.580520 0.591558 0.601843 0.611449 0.620440 0.628871 0.636793 0.644248 0.651275 0.657910 0.664184 0.670123 0.675754 0.681098 0.686178 0.691010 0.695612 0.699999 0.704185 0.708184 0.712006 0.715663 0.719165 
0.000000 0.000000 0.000000 0.000000 0.000000 0.000000 0.000000 0.000000 0.000000 0.000000 0.000524 0.079042 0.148236 0.206742 0.256850 0.300241 0.338175 0.371615 0.401310 0.427852 0.451715 0.473280 0.492862 0.510720 0.527068 0.542089 0.555935 0.568737 0.580607 0.591641 0.601924 0.611527 0.620516 0.628945 0.636863 0.644316 0.651341 0.657974 0.664245 0.670183 0.675812 0.681155 0.686232 0.691063 0.695663 0.700048 0.704233 0.708230 0.712051 0.715707 0.719208 
0.000000 0.000000 0.000000 0.000000 0.000000 0.000000 0.000000 0.000000 0.000000 0.000000 0.000555 0.079214 0.148402 0.206902 0.257005 0.300390 0.338318 0.371753 0.401443 0.427980 0.451838 0.473399 0.492976 0.510829 0.527174 0.542190 0.556033 0.568831 0.580698 0.591729 0.602009 0.611610 0.620595 0.629021 0.636938 0.644388 0.651411 0.658041 0.664311 0.670246 0.675873 0.681214 0.686289 0.691118 0.695717 0.700100 0.704284 0.708279 0.712099 0.715753 0.719252 
0.000000 0.000000 0.000000 0.000000 0.000000 0.000000 0.000000 0.000000 0.000000 0.000000 0.000591 0.079399 0.148581 0.207075 0.257170 0.300549 0.338471 0.371900 0.401584 0.428116 0.451968 0.473524 0.493097 0.510945 0.527285 0.542298 0.556136 0.568931 0.580794 0.591822 0.602099 0.611696 0.620679 0.629102 0.637016 0.644463 0.651484 0.658112 0.664379 0.670312 0.675937 0.681276 0.686349 0.691176 0.695773 0.700155 0.704337 0.708331 0.712149 0.715802 0.719299 
0.000000 0.000000 0.000000 0.000000 0.000000 0.000000 0.000000 0.000000 0.000000 0.000000 0.000631 0.079600 0.148774 0.207260 0.257348 0.300719 0.338634 0.372056 0.401734 0.428260 0.452106 0.473656 0.493224 0.511068 0.527403 0.542411 0.556245 0.569036 0.580896 0.591920 0.602193 0.611787 0.620767 0.629187 0.637098 0.644543 0.651560 0.658186 0.664451 0.670381 0.676004 0.681341 0.686412 0.691237 0.695832 0.700212 0.704392 0.708384 0.712201 0.715852 0.719348 
0.000000 0.000000 0.000000 0.000000 0.000000 0.000000 0.000000 0.000000 0.000000 0.000000 0.000676 0.079818 0.148983 0.207459 0.257538 0.300901 0.338808 0.372222 0.401893 0.428412 0.452252 0.473797 0.493359 0.511197 0.527527 0.542531 0.556361 0.569147 0.581002 0.592023 0.602292 0.611883 0.620859 0.629276 0.637184 0.644626 0.651641 0.658264 0.664526 0.670454 0.676074 0.681409 0.686478 0.691301 0.695894 0.700272 0.704450 0.708441 0.712255 0.715905 0.719399 
0.000000 0.000000 0.000000 0.000000 0.000000 0.000000 0.000000 0.000000 0.000000 0.000000 0.000727 0.080055 0.149208 0.207674 0.257743 0.301096 0.338994 0.372400 0.402063 0.428575 0.452408 0.473946 0.493502 0.511334 0.527659 0.542657 0.556482 0.569264 0.581115 0.592131 0.602397 0.611984 0.620956 0.629370 0.637274 0.644713 0.651725 0.658346 0.664605 0.670531 0.676148 0.681480 0.686547 0.691368 0.695959 0.700335 0.704511 0.708500 0.712312 0.715960 0.719453 
0.000000 0.000000 0.000000 0.000000 0.000000 0.000000 0.000000 0.000000 0.000000 0.000000 0.000786 0.080312 0.149452 0.207905 0.257963 0.301306 0.339193 0.372590 0.402244 0.428747 0.452573 0.474104 0.493653 0.511479 0.527798 0.542791 0.556610 0.569387 0.581234 0.592246 0.602507 0.612090 0.621058 0.629468 0.637369 0.644805 0.651814 0.658431 0.664687 0.670611 0.676226 0.681555 0.686620 0.691438 0.696026 0.700401 0.704575 0.708561 0.712372 0.716018 0.719509 
0.000000 0.000000 0.000000 0.000000 0.000000 0.000000 0.000000 0.000000 0.000000 0.000000 0.000854 0.080593 0.149717 0.208156 0.258200 0.301530 0.339407 0.372792 0.402437 0.428931 0.452749 0.474272 0.493814 0.511633 0.527945 0.542932 0.556746 0.569518 0.581359 0.592366 0.602623 0.612201 0.621166 0.629572 0.637469 0.644901 0.651907 0.658521 0.664774 0.670694 0.676307 0.681634 0.686696 0.691511 0.696097 0.700469 0.704641 0.708625 0.712434 0.716078 0.719567 
0.000000 0.000000 0.000000 0.000000 0.000000 0.000000 0.000000 0.000000 0.000000 0.000000 0.000935 0.080900 0.150005 0.208427 0.258456 0.301772 0.339636 0.373010 0.402643 0.429128 0.452936 0.474450 0.493984 0.511796 0.528102 0.543082 0.556889 0.569655 0.581491 0.592493 0.602745 0.612319 0.621279 0.629681 0.637574 0.645003 0.652005 0.658615 0.664865 0.670782 0.676392 0.681716 0.686775 0.691588 0.696172 0.700541 0.704710 0.708693 0.712499 0.716141 0.719628 
0.000000 0.000000 0.000000 0.000000 0.000000 0.000000 0.000000 0.000000 0.000000 0.000000 0.001030 0.081236 0.150319 0.208721 0.258732 0.302033 0.339882 0.373243 0.402864 0.429338 0.453135 0.474640 0.494165 0.511969 0.528267 0.543240 0.557041 0.569801 0.581630 0.592627 0.602873 0.612442 0.621398 0.629796 0.637685 0.645109 0.652107 0.658714 0.664961 0.670874 0.676481 0.681802 0.686858 0.691668 0.696249 0.700616 0.704783 0.708763 0.712567 0.716207 0.719692 
0.000000 0.000000 0.000000 0.000000 0.000000 0.000000 0.000000 0.000000 0.000000 0.000000 0.001143 0.081605 0.150663 0.209041 0.259032 0.302314 0.340147 0.373493 0.403101 0.429562 0.453348 0.474843 0.494358 0.512153 0.528443 0.543408 0.557202 0.569954 0.581778 0.592768 0.603009 0.612573 0.621523 0.629916 0.637801 0.645221 0.652215 0.658818 0.665061 0.670971 0.676574 0.681892 0.686945 0.691752 0.696330 0.700694 0.704859 0.708836 0.712638 0.716276 0.719758 
0.000000 0.000000 0.000000 0.000000 0.000000 0.000000 0.000000 0.000000 0.000000 0.000000 0.001281 0.082011 0.151039 0.209391 0.259358 0.302619 0.340433 0.373763 0.403355 0.429802 0.453576 0.475059 0.494564 0.512349 0.528629 0.543586 0.557372 0.570117 0.581934 0.592918 0.603152 0.612710 0.621655 0.630043 0.637923 0.645338 0.652328 0.658927 0.665166 0.671072 0.676671 0.681986 0.687036 0.691840 0.696415 0.700776 0.704938 0.708913 0.712712 0.716347 0.719827 
0.000000 0.000000 0.000000 0.000000 0.000000 0.000000 0.000000 0.000000 0.000000 0.000000 0.001449 0.082461 0.151452 0.209773 0.259713 0.302950 0.340743 0.374053 0.403629 0.430061 0.453820 0.475290 0.494783 0.512557 0.528827 0.543775 0.557552 0.570289 0.582098 0.593075 0.603303 0.612855 0.621794 0.630177 0.638051 0.645462 0.652447 0.659041 0.665276 0.671178 0.676774 0.682084 0.687131 0.691932 0.696504 0.700862 0.705021 0.708992 0.712789 0.716422 0.719900 
0.000000 0.000000 0.000000 0.000000 0.000000 0.000000 0.000000 0.000000 0.000000 0.000000 0.001659 0.082960 0.151908 0.210193 0.260101 0.303311 0.341079 0.374368 0.403924 0.430338 0.454082 0.475537 0.495017 0.512779 0.529039 0.543976 0.557743 0.570472 0.582273 0.593242 0.603463 0.613008 0.621941 0.630317 0.638186 0.645591 0.652571 0.659161 0.665391 0.671289 0.676881 0.682187 0.687230 0.692028 0.696596 0.700951 0.705107 0.709076 0.712870 0.716499 0.719975 
0.000000 0.000000 0.000000 0.000000 0.000000 0.000000 0.000000 0.000000 0.000000 0.000000 0.001922 0.083516 0.152413 0.210655 0.260527 0.303704 0.341445 0.374708 0.404243 0.430637 0.454363 0.475803 0.495268 0.513017 0.529264 0.544189 0.557947 0.570666 0.582458 0.593418 0.603632 0.613169 0.622095 0.630465 0.638328 0.645728 0.652702 0.659287 0.665512 0.671406 0.676993 0.682295 0.687334 0.692128 0.696693 0.701044 0.705197 0.709162 0.712953 0.716580 0.720053 
0.000000 0.000000 0.000000 0.000000 0.000000 0.000000 0.000000 0.000000 0.000000 0.000000 0.002256 0.084139 0.152976 0.211166 0.260994 0.304135 0.341843 0.375078 0.404588 0.430960 0.454666 0.476088 0.495536 0.513270 0.529504 0.544417 0.558163 0.570871 0.582654 0.593605 0.603810 0.613340 0.622258 0.630621 0.638478 0.645871 0.652840 0.659419 0.665639 0.671528 0.677110 0.682408 0.687443 0.692233 0.696794 0.701142 0.705290 0.709253 0.713041 0.716664 0.720134 
0.000000 0.000000 0.000000 0.000000 0.000000 0.000000 0.000000 0.000000 0.000000 0.000000 0.002686 0.084841 0.153604 0.211734 0.261511 0.304608 0.342279 0.375482 0.404962 0.431309 0.454993 0.476394 0.495825 0.513542 0.529761 0.544660 0.558394 0.571090 0.582862 0.593803 0.603999 0.613520 0.622431 0.630786 0.638635 0.646022 0.652985 0.659558 0.665772 0.671656 0.677233 0.682527 0.687557 0.692342 0.696899 0.701243 0.705388 0.709347 0.713132 0.716752 0.720219 
0.000000 0.000000 0.000000 0.000000 0.000000 0.000000 0.000000 0.000000 0.000000 0.000000 0.003245 0.085637 0.154310 0.212367 0.262084 0.305130 0.342757 0.375922 0.405370 0.431688 0.455346 0.476725 0.496135 0.513834 0.530035 0.544920 0.558639 0.571323 0.583083 0.594013 0.604199 0.613711 0.622612 0.630960 0.638801 0.646181 0.653137 0.659704 0.665912 0.671790 0.677362 0.682650 0.687676 0.692456 0.697009 0.701349 0.705490 0.709445 0.713226 0.716843 0.720307 
0.000000 0.000000 0.000000 0.000000 0.000000 0.000000 0.000000 0.000000 0.000000 0.000000 0.003975 0.086545 0.155109 0.213077 0.262722 0.305707 0.343284 0.376405 0.405815 0.432100 0.455729 0.477082 0.496469 0.514147 0.530330 0.545197 0.558901 0.571571 0.583318 0.594237 0.604411 0.613912 0.622805 0.631143 0.638976 0.646348 0.653297 0.659857 0.666059 0.671931 0.677497 0.682780 0.687800 0.692576 0.697124 0.701460 0.705597 0.709548 0.713325 0.716938 0.720398 
0.000000 0.000000 0.000000 0.000000 0.000000 0.000000 0.000000 0.000000 0.000000 0.000000 0.004933 0.087591 0.156018 0.213879 0.263436 0.306350 0.343866 0.376937 0.406303 0.432550 0.456145 0.477469 0.496830 0.514485 0.530647 0.545495 0.559182 0.571836 0.583568 0.594474 0.604636 0.614126 0.623008 0.631337 0.639161 0.646524 0.653465 0.660018 0.666213 0.672078 0.677638 0.682915 0.687930 0.692701 0.697244 0.701575 0.705708 0.709654 0.713427 0.717037 0.720493 
0.000000 0.000000 0.000000 0.000000 0.000000 0.000000 0.000000 0.000000 0.000000 0.000000 0.006188 0.088805 0.157061 0.214789 0.264241 0.307069 0.344513 0.377524 0.406839 0.433042 0.456599 0.477889 0.497220 0.514849 0.530987 0.545815 0.559482 0.572119 0.583835 0.594726 0.604875 0.614353 0.623223 0.631542 0.639356 0.646710 0.653643 0.660187 0.666375 0.672233 0.677786 0.683058 0.688066 0.692831 0.697369 0.701695 0.705823 0.709766 0.713534 0.717140 0.720592 
0.000000 0.000000 0.000000 0.000000 0.000000 0.000000 0.000000 0.000000 0.000000 0.000000 0.007823 0.090232 0.158270 0.215832 0.265153 0.307876 0.345236 0.378175 0.407431 0.433582 0.457096 0.478347 0.497644 0.515243 0.531355 0.546158 0.559804 0.572422 0.584120 0.594995 0.605129 0.614594 0.623452 0.631758 0.639562 0.646907 0.653830 0.660366 0.666545 0.672396 0.677942 0.683206 0.688209 0.692968 0.697500 0.701821 0.705944 0.709881 0.713645 0.717247 0.720695 
0.000000 0.000000 0.000000 0.000000 0.000000 0.000000 0.000000 0.000000 0.000000 0.000000 0.009943 0.091932 0.159685 0.217036 0.266195 0.308791 0.346047 0.378902 0.408086 0.434178 0.457640 0.478847 0.498106 0.515671 0.531752 0.546529 0.560151 0.572746 0.584425 0.595283 0.605400 0.614850 0.623694 0.631988 0.639780 0.647114 0.654027 0.660553 0.666724 0.672566 0.678105 0.683362 0.688358 0.693111 0.697637 0.701952 0.706069 0.710002 0.713761 0.717358 0.720801 
0.000000 0.000000 0.000000 0.000000 0.000000 0.000000 0.000000 0.000000 0.000000 0.000000 0.012687 0.093990 0.161364 0.218442 0.267397 0.309834 0.346964 0.379717 0.408817 0.434838 0.458240 0.479396 0.498610 0.516135 0.532183 0.546929 0.560524 0.573095 0.584752 0.595590 0.605689 0.615122 0.623952 0.632232 0.640011 0.647333 0.654235 0.660751 0.666912 0.672746 0.678276 0.683525 0.688514 0.693260 0.697780 0.702088 0.706200 0.710127 0.713881 0.717473 0.720912 
0.000000 0.000000 0.000000 0.000000 0.000000 0.000000 0.000000 0.000000 0.000000 0.000000 0.016266 0.096540 0.163391 0.220107 0.268798 0.311035 0.348009 0.380637 0.409636 0.435573 0.458904 0.479999 0.499162 0.516643 0.532651 0.547363 0.560927 0.573471 0.585103 0.595918 0.605998 0.615413 0.624225 0.632490 0.640255 0.647564 0.654454 0.660959 0.667110 0.672934 0.678456 0.683697 0.688677 0.693416 0.697929 0.702231 0.706336 0.710258 0.714006 0.717593 0.721027 
0.000000 0.000000 0.000000 0.000000 0.000000 0.000000 0.000000 0.000000 0.000000 0.000000 0.000000 0.000000 0.000000 0.000000 0.000000 0.000000 0.000000 0.000000 0.000000 0.000000 0.000000 0.000000 0.000000 0.000000 0.000000 0.000000 0.000000 0.000000 0.000000 0.000000 0.000000 0.000000 0.000000 0.000000 0.000000 0.000000 0.000000 0.000000 0.000000 0.000000 0.000000 0.000000 0.000000 0.000000 0.000000 0.000000 0.000000 0.000000 0.000000 0.000000 0.000000 



la=0.000000
0.000000 0.000000 0.000000 0.000000 0.000000 0.000000 0.000000 0.000000 0.000000 0.000000 0.000530 0.002135 0.003472 0.004603 0.005571 0.006410 0.007143 0.007789 0.008363 0.008876 0.009337 0.009753 0.010132 0.010477 0.010793 0.011083 0.011350 0.011598 0.011827 0.012040 0.012238 0.012424 0.012597 0.012760 0.012913 0.013057 0.013192 0.013320 0.013441 0.013556 0.013665 0.013768 0.013866 0.013959 0.014047 0.014132 0.014213 0.014290 0.014363 0.014434 0.014501 
0.000000 0.000000 0.000000 0.000000 0.000000 0.000000 0.000000 0.000000 0.000000 0.000000 0.012584 0.079378 0.146274 0.204252 0.254258 0.297682 0.335698 0.369237 0.399037 0.425682 0.449643 0.471302 0.490973 0.508913 0.525340 0.540433 0.554348 0.567215 0.579146 0.590237 0.600574 0.610228 0.619265 0.627739 0.635701 0.643195 0.650259 0.656929 0.663236 0.669207 0.674868 0.680241 0.685348 0.690206 0.694833 0.699245 0.703454 0.707475 0.711319 0.714997 0.718518 
0.000000 0.000000 0.000000 0.000000 0.000000 0.000000 0.000000 0.000000 0.000000 0.000000 0.009906 0.080085 0.147000 0.204809 0.254687 0.298023 0.335977 0.369472 0.399238 0.425858 0.449798 0.471441 0.491098 0.509027 0.525444 0.540530 0.554437 0.567298 0.579223 0.590310 0.600642 0.610293 0.619326 0.627797 0.635756 0.643247 0.650309 0.656977 0.663281 0.669250 0.674909 0.680281 0.685386 0.690243 0.694869 0.699279 0.703488 0.707507 0.711350 0.715027 0.718548 
0.000000 0.000000 0.000000 0.000000 0.000000 0.000000 0.000000 0.000000 0.000000 0.000000 0.006432 0.080172 0.147348 0.205145 0.254976 0.298270 0.336189 0.369657 0.399401 0.426002 0.449929 0.471559 0.491206 0.509126 0.525535 0.540614 0.554516 0.567371 0.579292 0.590375 0.600704 0.610351 0.619381 0.627849 0.635806 0.643295 0.650354 0.657020 0.663323 0.669290 0.674948 0.680318 0.685422 0.690278 0.694902 0.699311 0.703519 0.707537 0.711379 0.715055 0.718575 
0.000000 0.000000 0.000000 0.000000 0.000000 0.000000 0.000000 0.000000 0.000000 0.000000 0.003500 0.080052 0.147522 0.205360 0.255182 0.298456 0.336356 0.369806 0.399536 0.426124 0.450040 0.471661 0.491300 0.509213 0.525616 0.540690 0.554587 0.567438 0.579355 0.590434 0.600760 0.610404 0.619431 0.627897 0.635852 0.643339 0.650397 0.657060 0.663361 0.669327 0.674984 0.680353 0.685455 0.690310 0.694933 0.699341 0.703548 0.707565 0.711406 0.715081 0.718600 
0.000000 0.000000 0.000000 0.000000 0.000000 0.000000 0.000000 0.000000 0.000000 0.000000 0.002038 0.079873 0.147609 0.205505 0.255335 0.298602 0.336492 0.369931 0.399650 0.426230 0.450137 0.471751 0.491383 0.509291 0.525689 0.540758 0.554651 0.567499 0.579412 0.590489 0.600811 0.610453 0.619478 0.627942 0.635895 0.643380 0.650436 0.657098 0.663398 0.669362 0.675017 0.680385 0.685487 0.690340 0.694963 0.699369 0.703575 0.707592 0.711432 0.715106 0.718624 
0.000000 0.000000 0.000000 0.000000 0.000000 0.000000 0.000000 0.000000 0.000000 0.000000 0.001398 0.079693 0.147653 0.205610 0.255455 0.298722 0.336607 0.370039 0.399751 0.426323 0.450224 0.471833 0.491460 0.509363 0.525756 0.540822 0.554711 0.567555 0.579466 0.590540 0.600860 0.610500 0.619523 0.627985 0.635935 0.643419 0.650473 0.657134 0.663432 0.669396 0.675050 0.680416 0.685517 0.690369 0.694991 0.699397 0.703601 0.707617 0.711457 0.715130 0.718648 
0.000000 0.000000 0.000000 0.000000 0.000000 0.000000 0.000000 0.000000 0.000000 0.000000 0.001087 0.079535 0.147679 0.205692 0.255555 0.298825 0.336707 0.370135 0.399841 0.426409 0.450304 0.471908 0.491530 0.509429 0.525819 0.540881 0.554768 0.567609 0.579517 0.590589 0.600907 0.610544 0.619565 0.628025 0.635974 0.643456 0.650509 0.657169 0.663466 0.669428 0.675081 0.680446 0.685546 0.690397 0.695018 0.699423 0.703627 0.707642 0.711481 0.715153 0.718670 
0.000000 0.000000 0.000000 0.000000 0.000000 0.000000 0.000000 0.000000 0.000000 0.000000 0.000918 0.079407 0.147699 0.205762 0.255642 0.298917 0.336798 0.370223 0.399925 0.426488 0.450379 0.471979 0.491598 0.509493 0.525880 0.540938 0.554822 0.567661 0.579566 0.590636 0.600952 0.610587 0.619606 0.628065 0.636012 0.643493 0.650544 0.657203 0.663498 0.669459 0.675111 0.680476 0.685574 0.690424 0.695044 0.699449 0.703652 0.707666 0.711504 0.715176 0.718692 
0.000000 0.000000 0.000000 0.000000 0.000000 0.000000 0.000000 0.000000 0.000000 0.000000 0.000818 0.079310 0.147721 0.205827 0.255723 0.299003 0.336884 0.370306 0.400005 0.426564 0.450452 0.472047 0.491662 0.509555 0.525938 0.540994 0.554875 0.567711 0.579615 0.590682 0.600996 0.610629 0.619647 0.628104 0.636050 0.643529 0.650579 0.657236 0.663530 0.669490 0.675141 0.680504 0.685602 0.690452 0.695070 0.699474 0.703676 0.707690 0.711527 0.715198 0.718714 
0.000000 0.000000 0.000000 0.000000 0.000000 0.000000 0.000000 0.000000 0.000000 0.000000 0.000757 0.079243 0.147749 0.205892 0.255802 0.299086 0.336967 0.370386 0.400082 0.426638 0.450522 0.472114 0.491726 0.509615 0.525996 0.541049 0.554927 0.567761 0.579663 0.590727 0.601039 0.610671 0.619687 0.628143 0.636087 0.643564 0.650614 0.657269 0.663563 0.669521 0.675171 0.680533 0.685630 0.690479 0.695097 0.699499 0.703701 0.707714 0.711550 0.715221 0.718736 
0.000000 0.000000 0.000000 0.000000 0.000000 0.000000 0.000000 0.000000 0.000000 0.000000 0.000720 0.079203 0.147785 0.205958 0.255880 0.299168 0.337049 0.370466 0.400159 0.426712 0.450592 0.472181 0.491790 0.509676 0.526054 0.541104 0.554980 0.567812 0.579711 0.590773 0.601083 0.610714 0.619728 0.628182 0.636124 0.643600 0.650648 0.657303 0.663595 0.669553 0.675201 0.680562 0.685658 0.690506 0.695123 0.699525 0.703725 0.707738 0.711573 0.715243 0.718758 
0.000000 0.000000 0.000000 0.000000 0.000000 0.000000 0.000000 0.000000 0.000000 0.000000 0.000698 0.079187 0.147831 0.206029 0.255960 0.299251 0.337131 0.370547 0.400236 0.426786 0.450663 0.472248 0.491854 0.509737 0.526112 0.541160 0.555033 0.567862 0.579759 0.590820 0.601128 0.610757 0.619769 0.628221 0.636163 0.643637 0.650684 0.657337 0.663628 0.669584 0.675231 0.680592 0.685686 0.690533 0.695150 0.699551 0.703751 0.707762 0.711597 0.715266 0.718780 
0.000000 0.000000 0.000000 0.000000 0.000000 0.000000 0.000000 0.000000 0.000000 0.000000 0.000688 0.079194 0.147887 0.206105 0.256044 0.299336 0.337215 0.370628 0.400315 0.426861 0.450735 0.472317 0.491919 0.509799 0.526171 0.541216 0.555087 0.567914 0.579809 0.590867 0.601174 0.610800 0.619811 0.628261 0.636201 0.643674 0.650720 0.657371 0.663661 0.669617 0.675263 0.680622 0.685716 0.690562 0.695177 0.699577 0.703776 0.707787 0.711621 0.715290 0.718803 
0.000000 0.000000 0.000000 0.000000 0.000000 0.000000 0.000000 0.000000 0.000000 0.000000 0.000685 0.079220 0.147953 0.206186 0.256132 0.299425 0.337302 0.370712 0.400396 0.426938 0.450808 0.472387 0.491986 0.509863 0.526232 0.541275 0.555143 0.567967 0.579860 0.590916 0.601221 0.610845 0.619854 0.628303 0.636241 0.643713 0.650757 0.657407 0.663696 0.669650 0.675295 0.680653 0.685746 0.690591 0.695205 0.699604 0.703802 0.707812 0.711646 0.715314 0.718826 
0.000000 0.000000 0.000000 0.000000 0.000000 0.000000 0.000000 0.000000 0.000000 0.000000 0.000688 0.079265 0.148028 0.206275 0.256224 0.299517 0.337392 0.370799 0.400479 0.427018 0.450885 0.472460 0.492056 0.509929 0.526295 0.541335 0.555200 0.568022 0.579912 0.590967 0.601269 0.610892 0.619899 0.628346 0.636282 0.643753 0.650795 0.657444 0.663731 0.669684 0.675328 0.680685 0.685777 0.690620 0.695234 0.699632 0.703829 0.707839 0.711671 0.715338 0.718850 
0.000000 0.000000 0.000000 0.000000 0.000000 0.000000 0.000000 0.000000 0.000000 0.000000 0.000697 0.079325 0.148114 0.206370 0.256322 0.299614 0.337486 0.370890 0.400566 0.427101 0.450963 0.472535 0.492127 0.509997 0.526361 0.541397 0.555260 0.568079 0.579967 0.591019 0.601319 0.610940 0.619945 0.628390 0.636325 0.643794 0.650834 0.657482 0.663768 0.669719 0.675362 0.680718 0.685808 0.690651 0.695264 0.699661 0.703857 0.707866 0.711697 0.715364 0.718874 
0.000000 0.000000 0.000000 0.000000 0.000000 0.000000 0.000000 0.000000 0.000000 0.000000 0.000710 0.079401 0.148209 0.206473 0.256425 0.299716 0.337585 0.370984 0.400656 0.427186 0.451045 0.472613 0.492202 0.510068 0.526428 0.541462 0.555322 0.568138 0.580023 0.591073 0.601371 0.610990 0.619993 0.628436 0.636369 0.643836 0.650875 0.657522 0.663806 0.669756 0.675398 0.680753 0.685842 0.690683 0.695295 0.699691 0.703886 0.707894 0.711725 0.715390 0.718900 
0.000000 0.000000 0.000000 0.000000 0.000000 0.000000 0.000000 0.000000 0.000000 0.000000 0.000727 0.079490 0.148314 0.206582 0.256534 0.299822 0.337687 0.371083 0.400750 0.427276 0.451131 0.472694 0.492279 0.510142 0.526499 0.541529 0.555386 0.568200 0.580082 0.591130 0.601425 0.611041 0.620043 0.628484 0.636416 0.643881 0.650918 0.657563 0.663846 0.669795 0.675434 0.680788 0.685876 0.690717 0.695327 0.699722 0.703917 0.707923 0.711753 0.715417 0.718926 
0.000000 0.000000 0.000000 0.000000 0.000000 0.000000 0.000000 0.000000 0.000000 0.000000 0.000748 0.079592 0.148428 0.206699 0.256650 0.299934 0.337795 0.371185 0.400848 0.427369 0.451219 0.472779 0.492360 0.510219 0.526572 0.541599 0.555453 0.568264 0.580144 0.591188 0.601481 0.611095 0.620094 0.628534 0.636463 0.643927 0.650963 0.657606 0.663887 0.669834 0.675473 0.680825 0.685912 0.690751 0.695360 0.699755 0.703948 0.707953 0.711782 0.715446 0.718954 
0.000000 0.000000 0.000000 0.000000 0.000000 0.000000 0.000000 0.000000 0.000000 0.000000 0.000773 0.079706 0.148551 0.206823 0.256771 0.300051 0.337907 0.371293 0.400950 0.427467 0.451312 0.472867 0.492443 0.510299 0.526648 0.541672 0.555523 0.568330 0.580207 0.591249 0.601540 0.611152 0.620148 0.628586 0.636513 0.643975 0.651009 0.657650 0.663930 0.669876 0.675513 0.680864 0.685949 0.690787 0.695395 0.699788 0.703980 0.707984 0.711812 0.715475 0.718982 
0.000000 0.000000 0.000000 0.000000 0.000000 0.000000 0.000000 0.000000 0.000000 0.000000 0.000801 0.079832 0.148682 0.206954 0.256899 0.300174 0.338025 0.371405 0.401057 0.427568 0.451408 0.472959 0.492531 0.510382 0.526728 0.541748 0.555595 0.568400 0.580274 0.591313 0.601601 0.611210 0.620205 0.628640 0.636565 0.644025 0.651057 0.657697 0.663975 0.669919 0.675554 0.680904 0.685988 0.690825 0.695431 0.699823 0.704014 0.708017 0.711844 0.715506 0.719012 
0.000000 0.000000 0.000000 0.000000 0.000000 0.000000 0.000000 0.000000 0.000000 0.000000 0.000833 0.079969 0.148822 0.207092 0.257033 0.300302 0.338147 0.371521 0.401168 0.427674 0.451509 0.473054 0.492622 0.510469 0.526811 0.541827 0.555671 0.568472 0.580343 0.591379 0.601664 0.611271 0.620263 0.628696 0.636619 0.644077 0.651107 0.657745 0.664021 0.669964 0.675598 0.680946 0.686028 0.690864 0.695469 0.699859 0.704049 0.708051 0.711877 0.715537 0.719043 
0.000000 0.000000 0.000000 0.000000 0.000000 0.000000 0.000000 0.000000 0.000000 0.000000 0.000868 0.080116 0.148971 0.207238 0.257173 0.300437 0.338275 0.371643 0.401283 0.427783 0.451613 0.473154 0.492717 0.510559 0.526897 0.541909 0.555749 0.568547 0.580415 0.591448 0.601731 0.611335 0.620324 0.628755 0.636676 0.644131 0.651159 0.657795 0.664069 0.670010 0.675643 0.680989 0.686070 0.690904 0.695508 0.699897 0.704086 0.708086 0.711911 0.715570 0.719074 
0.000000 0.000000 0.000000 0.000000 0.000000 0.000000 0.000000 0.000000 0.000000 0.000000 0.000908 0.080274 0.149128 0.207390 0.257320 0.300577 0.338409 0.371770 0.401404 0.427898 0.451722 0.473257 0.492815 0.510653 0.526986 0.541995 0.555831 0.568625 0.580490 0.591520 0.601799 0.611401 0.620387 0.628816 0.636734 0.644187 0.651213 0.657847 0.664120 0.670059 0.675689 0.681034 0.686114 0.690946 0.695549 0.699936 0.704124 0.708123 0.711946 0.715605 0.719108 
0.000000 0.000000 0.000000 0.000000 0.000000 0.000000 0.000000 0.000000 0.000000 0.000000 0.000951 0.080441 0.149294 0.207550 0.257473 0.300723 0.338547 0.371902 0.401529 0.428017 0.451835 0.473365 0.492917 0.510751 0.527079 0.542083 0.555916 0.568707 0.580568 0.591594 0.601871 0.611469 0.620453 0.628879 0.636795 0.644246 0.651270 0.657901 0.664172 0.670109 0.675738 0.681081 0.686159 0.690990 0.695591 0.699977 0.704163 0.708161 0.711983 0.715640 0.719142 
0.000000 0.000000 0.000000 0.000000 0.000000 0.000000 0.000000 0.000000 0.000000 0.000000 0.000999 0.080619 0.149467 0.207718 0.257633 0.300875 0.338692 0.372039 0.401659 0.428140 0.451952 0.473476 0.493024 0.510852 0.527176 0.542176 0.556004 0.568791 0.580648 0.591672 0.601945 0.611540 0.620522 0.628944 0.636858 0.644306 0.651328 0.657958 0.664226 0.670161 0.675788 0.681130 0.686206 0.691035 0.695634 0.700019 0.704204 0.708200 0.712021 0.715677 0.719178 
0.000000 0.000000 0.000000 0.000000 0.000000 0.000000 0.000000 0.000000 0.000000 0.000000 0.001051 0.080807 0.149649 0.207892 0.257799 0.301033 0.338842 0.372181 0.401794 0.428268 0.452074 0.473592 0.493134 0.510957 0.527276 0.542271 0.556095 0.568878 0.580732 0.591752 0.602022 0.611614 0.620592 0.629012 0.636924 0.644369 0.651389 0.658016 0.664282 0.670216 0.675841 0.681180 0.686254 0.691082 0.695680 0.700063 0.704246 0.708241 0.712061 0.715715 0.719215 
0.000000 0.000000 0.000000 0.000000 0.000000 0.000000 0.000000 0.000000 0.000000 0.000000 0.001109 0.081004 0.149840 0.208074 0.257972 0.301197 0.338997 0.372328 0.401934 0.428401 0.452200 0.473712 0.493248 0.511066 0.527380 0.542370 0.556190 0.568969 0.580819 0.591835 0.602101 0.611691 0.620666 0.629083 0.636991 0.644435 0.651451 0.658076 0.664340 0.670272 0.675895 0.681232 0.686304 0.691130 0.695726 0.700108 0.704290 0.708284 0.712102 0.715755 0.719253 
0.000000 0.000000 0.000000 0.000000 0.000000 0.000000 0.000000 0.000000 0.000000 0.000000 0.001172 0.081211 0.150039 0.208264 0.258152 0.301368 0.339159 0.372481 0.402079 0.428539 0.452331 0.473836 0.493366 0.511178 0.527487 0.542473 0.556288 0.569063 0.580908 0.591921 0.602184 0.611770 0.620742 0.629156 0.637061 0.644502 0.651516 0.658139 0.664401 0.670329 0.675950 0.681286 0.686356 0.691180 0.695775 0.700155 0.704335 0.708327 0.712144 0.715795 0.719292 
0.000000 0.000000 0.000000 0.000000 0.000000 0.000000 0.000000 0.000000 0.000000 0.000000 0.001241 0.081428 0.150247 0.208461 0.258339 0.301544 0.339326 0.372640 0.402229 0.428681 0.452466 0.473965 0.493488 0.511295 0.527598 0.542579 0.556389 0.569159 0.581001 0.592010 0.602269 0.611851 0.620820 0.629231 0.637134 0.644571 0.651583 0.658203 0.664463 0.670389 0.676008 0.681342 0.686410 0.691232 0.695825 0.700203 0.704381 0.708372 0.712187 0.715838 0.719333 
0.000000 0.000000 0.000000 0.000000 0.000000 0.000000 0.000000 0.000000 0.000000 0.000000 0.001316 0.081655 0.150463 0.208666 0.258533 0.301728 0.339499 0.372803 0.402384 0.428828 0.452605 0.474097 0.493615 0.511415 0.527713 0.542688 0.556494 0.569259 0.581097 0.592101 0.602357 0.611935 0.620901 0.629309 0.637208 0.644643 0.651652 0.658270 0.664527 0.670451 0.676068 0.681399 0.686465 0.691286 0.695876 0.700253 0.704429 0.708419 0.712232 0.715881 0.719375 
0.000000 0.000000 0.000000 0.000000 0.000000 0.000000 0.000000 0.000000 0.000000 0.000000 0.001399 0.081892 0.150688 0.208879 0.258734 0.301917 0.339678 0.372973 0.402544 0.428980 0.452750 0.474234 0.493745 0.511539 0.527831 0.542801 0.556601 0.569362 0.581195 0.592196 0.602447 0.612022 0.620984 0.629389 0.637285 0.644717 0.651723 0.658338 0.664593 0.670515 0.676129 0.681458 0.686522 0.691341 0.695929 0.700304 0.704479 0.708466 0.712278 0.715925 0.719418 
0.000000 0.000000 0.000000 0.000000 0.000000 0.000000 0.000000 0.000000 0.000000 0.000000 0.001489 0.082140 0.150922 0.209100 0.258942 0.302113 0.339863 0.373148 0.402710 0.429137 0.452898 0.474375 0.493879 0.511667 0.527953 0.542917 0.556713 0.569469 0.581297 0.592293 0.602541 0.612112 0.621070 0.629471 0.637365 0.644793 0.651797 0.658409 0.664661 0.670580 0.676192 0.681519 0.686581 0.691397 0.695984 0.700357 0.704530 0.708515 0.712326 0.715971 0.719462 
0.000000 0.000000 0.000000 0.000000 0.000000 0.000000 0.000000 0.000000 0.000000 0.000000 0.001588 0.082398 0.151165 0.209329 0.259157 0.302316 0.340055 0.373328 0.402880 0.429298 0.453052 0.474521 0.494018 0.511799 0.528078 0.543037 0.556827 0.569578 0.581401 0.592393 0.602636 0.612204 0.621158 0.629556 0.637446 0.644872 0.651872 0.658481 0.664730 0.670647 0.676257 0.681581 0.686641 0.691455 0.696040 0.700411 0.704582 0.708566 0.712374 0.716018 0.719507 
0.000000 0.000000 0.000000 0.000000 0.000000 0.000000 0.000000 0.000000 0.000000 0.000000 0.001697 0.082667 0.151418 0.209566 0.259380 0.302526 0.340252 0.373515 0.403057 0.429465 0.453210 0.474671 0.494160 0.511934 0.528208 0.543160 0.556945 0.569690 0.581509 0.592496 0.602735 0.612298 0.621249 0.629643 0.637530 0.644952 0.651949 0.658556 0.664802 0.670716 0.676323 0.681645 0.686703 0.691515 0.696097 0.700466 0.704635 0.708617 0.712424 0.716066 0.719554 
0.000000 0.000000 0.000000 0.000000 0.000000 0.000000 0.000000 0.000000 0.000000 0.000000 0.001816 0.082947 0.151680 0.209812 0.259611 0.302743 0.340456 0.373707 0.403238 0.429637 0.453372 0.474825 0.494307 0.512074 0.528340 0.543287 0.557065 0.569806 0.581619 0.592602 0.602836 0.612395 0.621342 0.629732 0.637615 0.645035 0.652029 0.658632 0.664875 0.670787 0.676391 0.681711 0.686766 0.691576 0.696156 0.700523 0.704690 0.708670 0.712475 0.716116 0.719602 
0.000000 0.000000 0.000000 0.000000 0.000000 0.000000 0.000000 0.000000 0.000000 0.000000 0.001946 0.083239 0.151953 0.210066 0.259849 0.302966 0.340667 0.373905 0.403425 0.429813 0.453539 0.474984 0.494457 0.512217 0.528477 0.543417 0.557189 0.569924 0.581732 0.592710 0.602940 0.612495 0.621438 0.629824 0.637703 0.645119 0.652110 0.658710 0.664951 0.670859 0.676461 0.681778 0.686831 0.691638 0.696216 0.700581 0.704746 0.708724 0.712527 0.716166 0.719650 
0.000000 0.000000 0.000000 0.000000 0.000000 0.000000 0.000000 0.000000 0.000000 0.000000 0.002089 0.083542 0.152235 0.210330 0.260096 0.303197 0.340883 0.374109 0.403617 0.429995 0.453711 0.475147 0.494612 0.512364 0.528616 0.543550 0.557316 0.570046 0.581849 0.592821 0.603046 0.612597 0.621535 0.629918 0.637793 0.645205 0.652193 0.658790 0.665027 0.670933 0.676532 0.681847 0.686897 0.691702 0.696278 0.700640 0.704803 0.708780 0.712581 0.716218 0.719700 
0.000000 0.000000 0.000000 0.000000 0.000000 0.000000 0.000000 0.000000 0.000000 0.000000 0.002246 0.083858 0.152529 0.210603 0.260351 0.303436 0.341107 0.374319 0.403815 0.430182 0.453888 0.475314 0.494771 0.512514 0.528760 0.543687 0.557447 0.570170 0.581967 0.592935 0.603155 0.612701 0.621635 0.630013 0.637885 0.645294 0.652278 0.658871 0.665106 0.671009 0.676605 0.681917 0.686964 0.691767 0.696341 0.700701 0.704862 0.708836 0.712635 0.716270 0.719750 
0.000000 0.000000 0.000000 0.000000 0.000000 0.000000 0.000000 0.000000 0.000000 0.000000 0.002417 0.084187 0.152833 0.210886 0.260614 0.303682 0.341337 0.374535 0.404019 0.430374 0.454069 0.475486 0.494933 0.512669 0.528907 0.543826 0.557580 0.570297 0.582089 0.593051 0.603266 0.612807 0.621737 0.630111 0.637979 0.645384 0.652364 0.658955 0.665186 0.671086 0.676679 0.681988 0.687033 0.691833 0.696404 0.700762 0.704921 0.708893 0.712690 0.716323 0.719802 
0.000000 0.000000 0.000000 0.000000 0.000000 0.000000 0.000000 0.000000 0.000000 0.000000 0.002604 0.084529 0.153149 0.211178 0.260886 0.303935 0.341574 0.374758 0.404228 0.430571 0.454255 0.475661 0.495100 0.512827 0.529057 0.543969 0.557716 0.570427 0.582213 0.593169 0.603380 0.612916 0.621841 0.630211 0.638075 0.645476 0.652452 0.659039 0.665267 0.671164 0.676754 0.682061 0.687103 0.691900 0.696469 0.700825 0.704981 0.708951 0.712746 0.716377 0.719854 
0.000000 0.000000 0.000000 0.000000 0.000000 0.000000 0.000000 0.000000 0.000000 0.000000 0.002809 0.084885 0.153476 0.211481 0.261167 0.304197 0.341818 0.374986 0.404442 0.430773 0.454446 0.475842 0.495270 0.512989 0.529211 0.544116 0.557855 0.570560 0.582339 0.593290 0.603495 0.613026 0.621947 0.630313 0.638172 0.645569 0.652542 0.659126 0.665350 0.671244 0.676831 0.682134 0.687174 0.691969 0.696535 0.700889 0.705043 0.709010 0.712803 0.716432 0.719907 
0.000000 0.000000 0.000000 0.000000 0.000000 0.000000 0.000000 0.000000 0.000000 0.000000 0.003033 0.085256 0.153816 0.211794 0.261457 0.304466 0.342070 0.375221 0.404663 0.430980 0.454641 0.476026 0.495445 0.513154 0.529368 0.544265 0.557997 0.570695 0.582468 0.593414 0.603613 0.613139 0.622055 0.630416 0.638271 0.645664 0.652633 0.659213 0.665435 0.671325 0.676909 0.682209 0.687246 0.692038 0.696602 0.700953 0.705105 0.709070 0.712861 0.716488 0.719961 
0.000000 0.000000 0.000000 0.000000 0.000000 0.000000 0.000000 0.000000 0.000000 0.000000 0.003277 0.085642 0.154169 0.212118 0.261756 0.304744 0.342328 0.375463 0.404889 0.431192 0.454841 0.476215 0.495623 0.513323 0.529528 0.544417 0.558142 0.570833 0.582600 0.593539 0.603733 0.613254 0.622164 0.630521 0.638372 0.645761 0.652726 0.659302 0.665520 0.671407 0.676988 0.682285 0.687319 0.692109 0.696670 0.701018 0.705168 0.709131 0.712919 0.716544 0.720015 
0.000000 0.000000 0.000000 0.000000 0.000000 0.000000 0.000000 0.000000 0.000000 0.000000 0.003541 0.086044 0.154535 0.212454 0.262065 0.305030 0.342594 0.375711 0.405121 0.431410 0.455046 0.476408 0.495806 0.513496 0.529691 0.544572 0.558290 0.570973 0.582734 0.593666 0.603855 0.613370 0.622276 0.630627 0.638474 0.645859 0.652820 0.659392 0.665606 0.671490 0.677068 0.682362 0.687393 0.692180 0.696738 0.701084 0.705231 0.709192 0.712978 0.716601 0.720070 
0.000000 0.000000 0.000000 0.000000 0.000000 0.000000 0.000000 0.000000 0.000000 0.000000 0.003828 0.086463 0.154915 0.212801 0.262384 0.305325 0.342868 0.375965 0.405359 0.431633 0.455255 0.476605 0.495991 0.513671 0.529858 0.544730 0.558439 0.571116 0.582869 0.593796 0.603978 0.613488 0.622389 0.630735 0.638577 0.645958 0.652915 0.659483 0.665694 0.671574 0.677148 0.682439 0.687468 0.692251 0.696807 0.701150 0.705295 0.709253 0.713038 0.716658 0.720125 
0.000000 0.000000 0.000000 0.000000 0.000000 0.000000 0.000000 0.000000 0.000000 0.000000 0.004138 0.086900 0.155310 0.213161 0.262714 0.305628 0.343149 0.376227 0.405603 0.431861 0.455469 0.476806 0.496181 0.513850 0.530027 0.544890 0.558592 0.571261 0.583007 0.593927 0.604103 0.613607 0.622503 0.630845 0.638682 0.646058 0.653011 0.659575 0.665782 0.671659 0.677230 0.682518 0.687543 0.692324 0.696877 0.701217 0.705359 0.709315 0.713097 0.716716 0.720180 
0.000000 0.000000 0.000000 0.000000 0.000000 0.000000 0.000000 0.000000 0.000000 0.000000 0.004471 0.087355 0.155721 0.213533 0.263054 0.305941 0.343438 0.376495 0.405852 0.432094 0.455687 0.477011 0.496374 0.514033 0.530199 0.545053 0.558746 0.571407 0.583147 0.594060 0.604230 0.613728 0.622618 0.630955 0.638787 0.646159 0.653108 0.659668 0.665871 0.671744 0.677312 0.682596 0.687618 0.692396 0.696947 0.701285 0.705424 0.709378 0.713157 0.716773 0.720236 
0.000000 0.000000 0.000000 0.000000 0.000000 0.000000 0.000000 0.000000 0.000000 0.000000 0.004825 0.087830 0.156147 0.213919 0.263406 0.306263 0.343735 0.376770 0.406107 0.432332 0.455910 0.477220 0.496571 0.514218 0.530374 0.545219 0.558903 0.571556 0.583288 0.594195 0.604358 0.613850 0.622735 0.631066 0.638894 0.646260 0.653205 0.659761 0.665960 0.671830 0.677394 0.682675 0.687694 0.692469 0.697017 0.701352 0.705489 0.709440 0.713217 0.716831 0.720291 
0.000000 0.000000 0.000000 0.000000 0.000000 0.000000 0.000000 0.000000 0.000000 0.000000 0.000000 0.000000 0.000000 0.000000 0.000000 0.000000 0.000000 0.000000 0.000000 0.000000 0.000000 0.000000 0.000000 0.000000 0.000000 0.000000 0.000000 0.000000 0.000000 0.000000 0.000000 0.000000 0.000000 0.000000 0.000000 0.000000 0.000000 0.000000 0.000000 0.000000 0.000000 0.000000 0.000000 0.000000 0.000000 0.000000 0.000000 0.000000 0.000000 0.000000 0.000000 



la=2.000000
0.000000 0.000000 0.000000 0.000000 0.000000 0.000000 0.000000 0.000000 0.000000 0.000000 0.000530 0.002135 0.003472 0.004603 0.005571 0.006410 0.007143 0.007789 0.008363 0.008876 0.009337 0.009753 0.010132 0.010477 0.010793 0.011083 0.011350 0.011598 0.011827 0.012040 0.012238 0.012424 0.012597 0.012760 0.012913 0.013057 0.013192 0.013320 0.013441 0.013556 0.013665 0.013768 0.013866 0.013959 0.014047 0.014132 0.014213 0.014290 0.014363 0.014434 0.014501 
0.000000 0.000000 0.000000 0.000000 0.000000 0.000000 0.000000 0.000000 0.000000 0.001312 0.025770 0.082139 0.146756 0.204351 0.254267 0.297666 0.335674 0.369213 0.399013 0.425660 0.449623 0.471284 0.490956 0.508898 0.525325 0.540420 0.554336 0.567204 0.579135 0.590228 0.600565 0.610220 0.619257 0.627732 0.635694 0.643188 0.650253 0.656923 0.663230 0.669202 0.674863 0.680237 0.685343 0.690202 0.694829 0.699241 0.703451 0.707472 0.711316 0.714993 0.718515 
0.000000 0.000000 0.000000 0.000000 0.000000 0.000000 0.000000 0.000000 0.000000 0.000689 0.033027 0.085724 0.148424 0.205277 0.254864 0.298091 0.335999 0.369472 0.399228 0.425842 0.449781 0.471423 0.491080 0.509009 0.525427 0.540513 0.554422 0.567283 0.579209 0.590297 0.600630 0.610281 0.619314 0.627786 0.635746 0.643237 0.650300 0.656968 0.663273 0.669242 0.674902 0.680274 0.685379 0.690237 0.694863 0.699273 0.703482 0.707502 0.711345 0.715022 0.718542 
0.000000 0.000000 0.000000 0.000000 0.000000 0.000000 0.000000 0.000000 0.000000 0.004046 0.039558 0.088447 0.149773 0.206073 0.255396 0.298479 0.336299 0.369714 0.399430 0.426015 0.449931 0.471556 0.491198 0.509117 0.525524 0.540603 0.554504 0.567359 0.579280 0.590363 0.600692 0.610340 0.619370 0.627839 0.635796 0.643285 0.650345 0.657011 0.663314 0.669282 0.674940 0.680310 0.685414 0.690270 0.694895 0.699304 0.703512 0.707531 0.711373 0.715049 0.718569 
0.000000 0.000000 0.000000 0.000000 0.000000 0.000000 0.000000 0.000000 0.000000 0.009581 0.045579 0.090761 0.150932 0.206784 0.255885 0.298842 0.336584 0.369947 0.399625 0.426182 0.450077 0.471685 0.491314 0.509221 0.525620 0.540690 0.554585 0.567435 0.579350 0.590429 0.600754 0.610398 0.619425 0.627891 0.635845 0.643332 0.650390 0.657054 0.663355 0.669321 0.674977 0.680346 0.685449 0.690303 0.694927 0.699335 0.703541 0.707559 0.711400 0.715075 0.718595 
0.000000 0.000000 0.000000 0.000000 0.000000 0.000000 0.000000 0.000000 0.000000 0.015128 0.051094 0.092855 0.151971 0.207442 0.256348 0.299191 0.336860 0.370174 0.399816 0.426347 0.450222 0.471813 0.491430 0.509326 0.525715 0.540778 0.554666 0.567510 0.579420 0.590495 0.600815 0.610456 0.619480 0.627943 0.635894 0.643379 0.650434 0.657096 0.663395 0.669360 0.675014 0.680382 0.685483 0.690336 0.694959 0.699366 0.703571 0.707588 0.711428 0.715102 0.718620 
0.000000 0.000000 0.000000 0.000000 0.000000 0.000000 0.000000 0.000000 0.000046 0.020333 0.056091 0.094816 0.152936 0.208069 0.256798 0.299536 0.337136 0.370401 0.400009 0.426514 0.450368 0.471944 0.491547 0.509432 0.525812 0.540867 0.554749 0.567586 0.579492 0.590561 0.600878 0.610515 0.619535 0.627995 0.635944 0.643426 0.650480 0.657139 0.663437 0.669399 0.675052 0.680418 0.685518 0.690370 0.694991 0.699397 0.703601 0.707617 0.711456 0.715129 0.718646 
0.000000 0.000000 0.000000 0.000000 0.000000 0.000000 0.000000 0.000000 0.002198 0.025064 0.060564 0.096673 0.153853 0.208682 0.257246 0.299881 0.337414 0.370633 0.400207 0.426685 0.450519 0.472078 0.491667 0.509541 0.525912 0.540959 0.554834 0.567665 0.579565 0.590630 0.600943 0.610576 0.619593 0.628050 0.635996 0.643475 0.650526 0.657184 0.663479 0.669440 0.675091 0.680456 0.685554 0.690404 0.695024 0.699428 0.703631 0.707646 0.711484 0.715156 0.718673 
0.000000 0.000000 0.000000 0.000000 0.000000 0.000000 0.000000 0.000000 0.006192 0.029254 0.064509 0.098413 0.154742 0.209293 0.257698 0.300234 0.337701 0.370872 0.400411 0.426862 0.450675 0.472217 0.491793 0.509656 0.526017 0.541055 0.554922 0.567748 0.579642 0.590702 0.601010 0.610639 0.619653 0.628107 0.636050 0.643526 0.650575 0.657230 0.663523 0.669482 0.675131 0.680494 0.685591 0.690440 0.695058 0.699461 0.703663 0.707677 0.711514 0.715185 0.718700 
0.000000 0.000000 0.000000 0.000000 0.000000 0.000000 0.000000 0.000000 0.009843 0.032857 0.067925 0.099999 0.155613 0.209908 0.258160 0.300598 0.337998 0.371122 0.400624 0.427049 0.450840 0.472364 0.491925 0.509776 0.526127 0.541156 0.555016 0.567835 0.579723 0.590778 0.601081 0.610706 0.619716 0.628166 0.636106 0.643580 0.650626 0.657279 0.663570 0.669526 0.675174 0.680535 0.685630 0.690477 0.695094 0.699496 0.703696 0.707708 0.711544 0.715214 0.718729 
0.000000 0.000000 0.000000 0.000000 0.000000 0.000000 0.000000 0.000000 0.013037 0.035823 0.070807 0.101398 0.156472 0.210531 0.258635 0.300976 0.338308 0.371383 0.400849 0.427244 0.451013 0.472519 0.492065 0.509903 0.526243 0.541263 0.555115 0.567926 0.579809 0.590858 0.601157 0.610777 0.619783 0.628229 0.636166 0.643637 0.650680 0.657330 0.663618 0.669573 0.675218 0.680577 0.685671 0.690516 0.695132 0.699532 0.703731 0.707742 0.711576 0.715245 0.718759 
0.000000 0.000000 0.000000 0.000000 0.000000 0.000000 0.000000 0.000000 0.015725 0.038059 0.073145 0.102605 0.157323 0.211165 0.259124 0.301368 0.338632 0.371657 0.401085 0.427451 0.451196 0.472683 0.492213 0.510038 0.526366 0.541377 0.555220 0.568024 0.579900 0.590943 0.601236 0.610852 0.619853 0.628296 0.636229 0.643697 0.650737 0.657384 0.663670 0.669622 0.675266 0.680623 0.685714 0.690558 0.695171 0.699570 0.703768 0.707777 0.711610 0.715278 0.718790 
0.000000 0.000000 0.000000 0.000000 0.000000 0.000000 0.000000 0.000000 0.017869 0.039076 0.074804 0.103703 0.158167 0.211808 0.259628 0.301776 0.338971 0.371945 0.401334 0.427670 0.451390 0.472857 0.492370 0.510181 0.526497 0.541497 0.555331 0.568128 0.579997 0.591034 0.601321 0.610932 0.619929 0.628367 0.636297 0.643760 0.650797 0.657442 0.663725 0.669675 0.675316 0.680670 0.685760 0.690602 0.695213 0.699610 0.703806 0.707814 0.711646 0.715312 0.718823 
0.000000 0.000000 0.000000 0.000000 0.000000 0.000000 0.000000 0.000001 0.019428 0.048911 0.072687 0.104939 0.159000 0.212458 0.260145 0.302198 0.339324 0.372246 0.401596 0.427900 0.451594 0.473041 0.492537 0.510332 0.526636 0.541625 0.555450 0.568238 0.580099 0.591130 0.601411 0.611017 0.620009 0.628443 0.636368 0.643828 0.650862 0.657503 0.663784 0.669730 0.675369 0.680721 0.685808 0.690648 0.695258 0.699653 0.703847 0.707854 0.711684 0.715349 0.718858 
0.000000 0.000000 0.000000 0.000000 0.000000 0.000000 0.000000 0.000003 0.020356 0.051174 0.075206 0.106501 0.159817 0.213111 0.260671 0.302632 0.339690 0.372560 0.401869 0.428141 0.451810 0.473234 0.492712 0.510492 0.526783 0.541761 0.555576 0.568355 0.580208 0.591232 0.601507 0.611107 0.620094 0.628523 0.636444 0.643900 0.650930 0.657568 0.663845 0.669789 0.675425 0.680775 0.685860 0.690698 0.695305 0.699698 0.703891 0.707896 0.711724 0.715387 0.718895 
0.000000 0.000000 0.000000 0.000000 0.000000 0.000000 0.000000 0.000005 0.020582 0.052934 0.077022 0.108053 0.160613 0.213763 0.261206 0.303078 0.340068 0.372887 0.402155 0.428394 0.452036 0.473438 0.492897 0.510661 0.526939 0.541904 0.555708 0.568478 0.580324 0.591340 0.601609 0.611202 0.620184 0.628608 0.636525 0.643977 0.651003 0.657637 0.663911 0.669852 0.675485 0.680832 0.685914 0.690750 0.695355 0.699746 0.703937 0.707940 0.711767 0.715428 0.718935 
0.000000 0.000000 0.000000 0.000000 0.000000 0.000000 0.000000 0.000004 0.019959 0.054190 0.078282 0.109264 0.161377 0.214408 0.261743 0.303531 0.340456 0.373224 0.402451 0.428657 0.452272 0.473651 0.493091 0.510839 0.527102 0.542055 0.555848 0.568608 0.580445 0.591454 0.601716 0.611303 0.620279 0.628698 0.636610 0.644057 0.651079 0.657710 0.663981 0.669918 0.675548 0.680893 0.685972 0.690805 0.695408 0.699797 0.703986 0.707987 0.711812 0.715472 0.718976 
0.000000 0.000000 0.000000 0.000000 0.000000 0.000000 0.000000 0.000001 0.017700 0.054935 0.079016 0.110043 0.162102 0.215040 0.262281 0.303990 0.340852 0.373570 0.402756 0.428929 0.452517 0.473873 0.493294 0.511024 0.527273 0.542213 0.555995 0.568745 0.580573 0.591574 0.601828 0.611409 0.620379 0.628793 0.636700 0.644143 0.651160 0.657787 0.664054 0.669988 0.675615 0.680956 0.686033 0.690864 0.695464 0.699851 0.704037 0.708036 0.711859 0.715517 0.719020 
0.000000 0.000000 0.000000 0.000000 0.000000 0.000000 0.000000 0.000000 0.028569 0.055162 0.079224 0.110391 0.162779 0.215654 0.262814 0.304451 0.341254 0.373923 0.403070 0.429210 0.452770 0.474103 0.493504 0.511218 0.527451 0.542379 0.556149 0.568889 0.580708 0.591700 0.601947 0.611521 0.620484 0.628892 0.636794 0.644232 0.651246 0.657868 0.664131 0.670062 0.675685 0.681024 0.686097 0.690925 0.695523 0.699907 0.704091 0.708088 0.711909 0.715565 0.719066 
0.000000 0.000000 0.000000 0.000000 0.000000 0.000000 0.000000 0.000000 0.028066 0.054858 0.078895 0.110345 0.163401 0.216246 0.263338 0.304911 0.341658 0.374281 0.403390 0.429498 0.453031 0.474341 0.493721 0.511418 0.527636 0.542550 0.556309 0.569038 0.580848 0.591831 0.602070 0.611637 0.620595 0.628997 0.636893 0.644326 0.651335 0.657953 0.664212 0.670139 0.675759 0.681094 0.686165 0.690990 0.695585 0.699967 0.704148 0.708143 0.711962 0.715616 0.719115 
0.000000 0.000000 0.000000 0.000000 0.000000 0.000000 0.000000 0.000004 0.026983 0.054011 0.078010 0.109979 0.163963 0.216809 0.263850 0.305366 0.342063 0.374643 0.403715 0.429791 0.453297 0.474584 0.493945 0.511624 0.527827 0.542728 0.556475 0.569193 0.580993 0.591968 0.602199 0.611759 0.620710 0.629106 0.636996 0.644424 0.651428 0.658042 0.664297 0.670220 0.675836 0.681168 0.686236 0.691057 0.695650 0.700029 0.704208 0.708200 0.712017 0.715668 0.719166 
0.000000 0.000000 0.000000 0.000000 0.000000 0.000000 0.000000 0.000001 0.025302 0.052601 0.076536 0.109409 0.164460 0.217341 0.264346 0.305815 0.342466 0.375005 0.404042 0.430089 0.453569 0.474833 0.494175 0.511836 0.528024 0.542912 0.556646 0.569354 0.581144 0.592109 0.602333 0.611885 0.620829 0.629219 0.637104 0.644527 0.651525 0.658135 0.664385 0.670304 0.675917 0.681245 0.686309 0.691128 0.695718 0.700094 0.704270 0.708260 0.712074 0.715724 0.719219 
0.000000 0.000000 0.000000 0.000000 0.000000 0.000000 0.000000 0.000000 0.022997 0.050608 0.074427 0.108777 0.164890 0.217837 0.264822 0.306253 0.342864 0.375366 0.404371 0.430389 0.453844 0.475086 0.494408 0.512053 0.528226 0.543100 0.556822 0.569519 0.581299 0.592256 0.602471 0.612016 0.620953 0.629336 0.637215 0.644633 0.651626 0.658231 0.664477 0.670392 0.676001 0.681325 0.686386 0.691202 0.695788 0.700162 0.704335 0.708322 0.712134 0.715781 0.719274 
0.000000 0.000000 0.000000 0.000000 0.000000 0.000000 0.000000 0.000000 0.020042 0.048005 0.071616 0.108184 0.165254 0.218294 0.265276 0.306678 0.343255 0.375724 0.404698 0.430689 0.454121 0.475342 0.494645 0.512274 0.528432 0.543292 0.557002 0.569688 0.581458 0.592406 0.602613 0.612150 0.621080 0.629457 0.637330 0.644742 0.651731 0.658331 0.664572 0.670483 0.676088 0.681409 0.686466 0.691278 0.695862 0.700232 0.704403 0.708387 0.712196 0.715841 0.719332 
0.000000 0.000000 0.000000 0.000000 0.000000 0.000000 0.000000 0.000000 0.016406 0.044762 0.076899 0.107647 0.165552 0.218712 0.265705 0.307087 0.343637 0.376077 0.405024 0.430990 0.454398 0.475600 0.494885 0.512497 0.528640 0.543487 0.557186 0.569861 0.581621 0.592560 0.602759 0.612288 0.621211 0.629582 0.637449 0.644855 0.651838 0.658433 0.664670 0.670577 0.676177 0.681494 0.686548 0.691357 0.695937 0.700305 0.704473 0.708454 0.712261 0.715903 0.719391 
0.000000 0.000000 0.000000 0.000000 0.000000 0.000000 0.000000 0.000000 0.012053 0.040845 0.072599 0.107134 0.165786 0.219088 0.266107 0.307479 0.344007 0.376422 0.405345 0.431288 0.454675 0.475858 0.495126 0.512722 0.528851 0.543686 0.557372 0.570037 0.581787 0.592717 0.602908 0.612430 0.621345 0.629709 0.637570 0.644971 0.651949 0.658539 0.664771 0.670673 0.676270 0.681583 0.686633 0.691438 0.696015 0.700380 0.704545 0.708523 0.712327 0.715967 0.719453 
0.000000 0.000000 0.000000 0.000000 0.000000 0.000000 0.000000 0.000000 0.006941 0.036215 0.067457 0.106614 0.165959 0.219422 0.266481 0.307852 0.344364 0.376759 0.405660 0.431582 0.454950 0.476115 0.495366 0.512948 0.529063 0.543885 0.557561 0.570215 0.581956 0.592877 0.603059 0.612573 0.621482 0.629840 0.637694 0.645089 0.652062 0.658647 0.664875 0.670772 0.676365 0.681674 0.686720 0.691522 0.696096 0.700457 0.704619 0.708595 0.712396 0.716033 0.719517 
0.000000 0.000000 0.000000 0.000000 0.000000 0.000000 0.000000 0.000000 0.001255 0.030825 0.061437 0.106069 0.166074 0.219714 0.266824 0.308203 0.344705 0.377084 0.405967 0.431871 0.455222 0.476370 0.495606 0.513174 0.529276 0.544086 0.557750 0.570394 0.582126 0.593038 0.603212 0.612719 0.621621 0.629972 0.637821 0.645210 0.652177 0.658757 0.664980 0.670873 0.676462 0.681767 0.686809 0.691608 0.696178 0.700536 0.704695 0.708668 0.712466 0.716101 0.719582 
0.000000 0.000000 0.000000 0.000000 0.000000 0.000000 0.000000 0.000000 0.000004 0.024620 0.054580 0.105499 0.166136 0.219964 0.267137 0.308531 0.345030 0.377398 0.406266 0.432154 0.455489 0.476622 0.495844 0.513398 0.529488 0.544287 0.557940 0.570575 0.582297 0.593201 0.603367 0.612867 0.621761 0.630106 0.637949 0.645332 0.652294 0.658869 0.665088 0.670976 0.676560 0.681862 0.686901 0.691695 0.696262 0.700617 0.704773 0.708743 0.712539 0.716171 0.719649 
0.000000 0.000000 0.000000 0.000000 0.000000 0.000000 0.000000 0.000000 0.000000 0.023117 0.047210 0.104906 0.166149 0.220173 0.267418 0.308836 0.345338 0.377698 0.406554 0.432429 0.455750 0.476870 0.496079 0.513621 0.529699 0.544487 0.558130 0.570755 0.582468 0.593364 0.603523 0.613015 0.621903 0.630242 0.638078 0.645456 0.652413 0.658983 0.665197 0.671081 0.676661 0.681958 0.686993 0.691784 0.696348 0.700699 0.704852 0.708819 0.712612 0.716241 0.719717 
0.000000 0.000000 0.000000 0.000000 0.000000 0.000000 0.000000 0.000000 0.000000 0.013635 0.040380 0.104297 0.166116 0.220343 0.267668 0.309116 0.345626 0.377983 0.406831 0.432695 0.456005 0.477112 0.496309 0.513840 0.529908 0.544685 0.558319 0.570935 0.582640 0.593528 0.603679 0.613164 0.622046 0.630378 0.638209 0.645581 0.652533 0.659098 0.665307 0.671187 0.676762 0.682056 0.687087 0.691875 0.696435 0.700783 0.704933 0.708897 0.712687 0.716314 0.719787 
0.000000 0.000000 0.000000 0.000000 0.000000 0.000000 0.000000 0.000000 0.000000 0.002250 0.035548 0.103677 0.166043 0.220475 0.267886 0.309371 0.345894 0.378252 0.407095 0.432951 0.456251 0.477348 0.496535 0.514055 0.530113 0.544881 0.558506 0.571113 0.582810 0.593691 0.603835 0.613313 0.622189 0.630515 0.638340 0.645707 0.652653 0.659214 0.665418 0.671294 0.676865 0.682155 0.687182 0.691966 0.696523 0.700868 0.705014 0.708976 0.712763 0.716387 0.719857 
0.000000 0.000000 0.000000 0.000000 0.000000 0.000000 0.000000 0.000000 0.000000 0.000000 0.032494 0.103051 0.165932 0.220570 0.268074 0.309601 0.346141 0.378504 0.407345 0.433196 0.456488 0.477577 0.496755 0.514266 0.530315 0.545074 0.558691 0.571290 0.582979 0.593852 0.603990 0.613462 0.622331 0.630651 0.638471 0.645833 0.652774 0.659330 0.665530 0.671401 0.676968 0.682254 0.687278 0.692058 0.696612 0.700953 0.705097 0.709055 0.712840 0.716461 0.719929 
0.000000 0.000000 0.000000 0.000000 0.000000 0.000000 0.000000 0.000000 0.000000 0.000000 0.030213 0.102423 0.165787 0.220630 0.268230 0.309805 0.346367 0.378739 0.407581 0.433429 0.456715 0.477797 0.496967 0.514470 0.530511 0.545263 0.558872 0.571464 0.583146 0.594012 0.604143 0.613609 0.622472 0.630787 0.638602 0.645958 0.652895 0.659446 0.665642 0.671509 0.677072 0.682354 0.687374 0.692151 0.696701 0.701040 0.705180 0.709135 0.712917 0.716535 0.720001 
0.000000 0.000000 0.000000 0.000000 0.000000 0.000000 0.000000 0.000000 0.000000 0.000000 0.028274 0.101798 0.165613 0.220657 0.268357 0.309983 0.346572 0.378956 0.407802 0.433649 0.456932 0.478008 0.497172 0.514669 0.530703 0.545447 0.559049 0.571634 0.583310 0.594170 0.604295 0.613755 0.622613 0.630922 0.638731 0.646083 0.653015 0.659562 0.665753 0.671616 0.677176 0.682454 0.687470 0.692244 0.696791 0.701126 0.705264 0.709216 0.712995 0.716611 0.720073 
0.000000 0.000000 0.000000 0.000000 0.000000 0.000000 0.000000 0.000000 0.000000 0.000000 0.026550 0.101176 0.165411 0.220653 0.268455 0.310136 0.346755 0.379154 0.408007 0.433856 0.457137 0.478210 0.497369 0.514860 0.530888 0.545626 0.559222 0.571801 0.583471 0.594325 0.604444 0.613899 0.622751 0.631055 0.638860 0.646207 0.653135 0.659677 0.665864 0.671723 0.677279 0.682553 0.687567 0.692337 0.696880 0.701212 0.705347 0.709297 0.713073 0.716686 0.720146 
0.000000 0.000000 0.000000 0.000000 0.000000 0.000000 0.000000 0.000000 0.000000 0.000000 0.024989 0.100560 0.165186 0.220620 0.268526 0.310264 0.346916 0.379333 0.408196 0.434048 0.457330 0.478400 0.497556 0.515043 0.531066 0.545799 0.559390 0.571963 0.583627 0.594476 0.604590 0.614040 0.622887 0.631187 0.638987 0.646329 0.653253 0.659791 0.665974 0.671829 0.677381 0.682652 0.687662 0.692429 0.696970 0.701299 0.705430 0.709377 0.713151 0.716761 0.720219 
0.000000 0.000000 0.000000 0.000000 0.000000 0.000000 0.000000 0.000000 0.000000 0.000000 0.023562 0.099950 0.164939 0.220559 0.268569 0.310368 0.347055 0.379494 0.408368 0.434226 0.457510 0.478580 0.497734 0.515217 0.531236 0.545965 0.559551 0.572120 0.583779 0.594623 0.604732 0.614177 0.623020 0.631315 0.639111 0.646449 0.653369 0.659903 0.666083 0.671934 0.677483 0.682750 0.687757 0.692521 0.697058 0.701384 0.705513 0.709457 0.713228 0.716836 0.720291 
0.000000 0.000000 0.000000 0.000000 0.000000 0.000000 0.000000 0.000000 0.000000 0.000000 0.022249 0.099348 0.164673 0.220473 0.268587 0.310448 0.347173 0.379635 0.408524 0.434389 0.457677 0.478748 0.497901 0.515383 0.531399 0.546124 0.559706 0.572271 0.583926 0.594766 0.604871 0.614312 0.623150 0.631441 0.639233 0.646567 0.653483 0.660014 0.666189 0.672038 0.677583 0.682847 0.687851 0.692611 0.697146 0.701469 0.705595 0.709537 0.713305 0.716911 0.720363 
0.000000 0.000000 0.000000 0.000000 0.000000 0.000000 0.000000 0.000000 0.000000 0.000000 0.021033 0.098754 0.164391 0.220364 0.268580 0.310504 0.347270 0.379757 0.408662 0.434537 0.457831 0.478905 0.498058 0.515538 0.531553 0.546276 0.559855 0.572416 0.584068 0.594904 0.605005 0.614442 0.623276 0.631564 0.639352 0.646683 0.653595 0.660122 0.666294 0.672139 0.677681 0.682942 0.687943 0.692701 0.697232 0.701553 0.705677 0.709615 0.713381 0.716984 0.720435 
0.000000 0.000000 0.000000 0.000000 0.000000 0.000000 0.000000 0.000000 0.000000 0.000000 0.019900 0.098168 0.164093 0.220232 0.268549 0.310538 0.347345 0.379860 0.408783 0.434670 0.457970 0.479048 0.498203 0.515684 0.531698 0.546419 0.559996 0.572554 0.584203 0.595036 0.605133 0.614567 0.623398 0.631682 0.639467 0.646794 0.653703 0.660227 0.666397 0.672238 0.677777 0.683036 0.688033 0.692788 0.697318 0.701636 0.705757 0.709693 0.713456 0.717057 0.720505 
0.000000 0.000000 0.000000 0.000000 0.000000 0.000000 0.000000 0.000000 0.000000 0.000000 0.018838 0.097590 0.163782 0.220080 0.268497 0.310551 0.347400 0.379944 0.408886 0.434787 0.458096 0.479179 0.498337 0.515819 0.531833 0.546553 0.560129 0.572685 0.584332 0.595162 0.605257 0.614687 0.623516 0.631797 0.639578 0.646903 0.653809 0.660330 0.666496 0.672335 0.677871 0.683127 0.688122 0.692874 0.697401 0.701716 0.705835 0.709769 0.713530 0.717129 0.720575 
0.000000 0.000000 0.000000 0.000000 0.000000 0.000000 0.000000 0.000000 0.000000 0.000000 0.017840 0.097020 0.163460 0.219910 0.268424 0.310542 0.347436 0.380010 0.408973 0.434888 0.458207 0.479297 0.498459 0.515944 0.531958 0.546679 0.560253 0.572808 0.584453 0.595281 0.605374 0.614802 0.623628 0.631906 0.639685 0.647007 0.653910 0.660429 0.666592 0.672429 0.677962 0.683215 0.688208 0.692958 0.697482 0.701795 0.705912 0.709843 0.713602 0.717199 0.720643 
0.000000 0.000000 0.000000 0.000000 0.000000 0.000000 0.000000 0.000000 0.000000 0.000000 0.016898 0.096458 0.163128 0.219722 0.268331 0.310513 0.347452 0.380057 0.409043 0.434973 0.458304 0.479401 0.498569 0.516057 0.532074 0.546795 0.560369 0.572924 0.584567 0.595394 0.605485 0.614911 0.623735 0.632011 0.639788 0.647107 0.654008 0.660524 0.666685 0.672519 0.678051 0.683301 0.688291 0.693039 0.697561 0.701872 0.705986 0.709916 0.713673 0.717267 0.720709 
0.000000 0.000000 0.000000 0.000000 0.000000 0.000000 0.000000 0.000000 0.000000 0.000000 0.016005 0.095904 0.162787 0.219518 0.268219 0.310465 0.347449 0.380087 0.409096 0.435043 0.458386 0.479492 0.498667 0.516159 0.532178 0.546901 0.560476 0.573031 0.584674 0.595500 0.605589 0.615014 0.623836 0.632111 0.639885 0.647203 0.654101 0.660615 0.666774 0.672606 0.678135 0.683384 0.688372 0.693117 0.697637 0.701946 0.706058 0.709986 0.713741 0.717334 0.720774 
0.000000 0.000000 0.000000 0.000000 0.000000 0.000000 0.000000 0.000000 0.000000 0.000000 0.015156 0.095358 0.162439 0.219300 0.268090 0.310399 0.347428 0.380099 0.409132 0.435098 0.458454 0.479570 0.498751 0.516249 0.532272 0.546997 0.560574 0.573129 0.584773 0.595598 0.605687 0.615111 0.623932 0.632204 0.639977 0.647293 0.654190 0.660702 0.666859 0.672689 0.678216 0.683463 0.688449 0.693193 0.697711 0.702018 0.706128 0.710054 0.713807 0.717398 0.720836 
0.000000 0.000000 0.000000 0.000000 0.000000 0.000000 0.000000 0.000000 0.000000 0.000000 0.014348 0.094819 0.162084 0.219069 0.267945 0.310316 0.347390 0.380094 0.409152 0.435137 0.458507 0.479634 0.498824 0.516327 0.532355 0.547083 0.560662 0.573219 0.584863 0.595688 0.605777 0.615200 0.624020 0.632292 0.640064 0.647378 0.654274 0.660784 0.666940 0.672768 0.678293 0.683538 0.688523 0.693265 0.697781 0.702086 0.706195 0.710119 0.713870 0.717460 0.720896 
0.000000 0.000000 0.000000 0.000000 0.000000 0.000000 0.000000 0.000000 0.000000 0.000000 0.013576 0.094289 0.161723 0.218825 0.267785 0.310216 0.347335 0.380073 0.409157 0.435161 0.458546 0.479685 0.498884 0.516394 0.532427 0.547159 0.560741 0.573299 0.584944 0.595771 0.605860 0.615283 0.624102 0.632373 0.640144 0.647458 0.654352 0.660861 0.667015 0.672842 0.678366 0.683610 0.688593 0.693333 0.697848 0.702152 0.706259 0.710181 0.713931 0.717519 0.720954 
0.000000 0.000000 0.000000 0.000000 0.000000 0.000000 0.000000 0.000000 0.000000 0.000000 0.012839 0.093766 0.161358 0.218571 0.267610 0.310101 0.347264 0.380036 0.409146 0.435170 0.458571 0.479723 0.498931 0.516448 0.532487 0.547224 0.560809 0.573370 0.585017 0.595845 0.605934 0.615358 0.624177 0.632448 0.640219 0.647531 0.654425 0.660933 0.667086 0.672912 0.678435 0.683677 0.688659 0.693398 0.697911 0.702214 0.706319 0.710240 0.713989 0.717575 0.721009 
0.000000 0.000000 0.000000 0.000000 0.000000 0.000000 0.000000 0.000000 0.000000 0.000000 0.012134 0.093250 0.160989 0.218307 0.267423 0.309971 0.347178 0.379983 0.409119 0.435165 0.458582 0.479747 0.498965 0.516491 0.532536 0.547278 0.560867 0.573432 0.585081 0.595910 0.606001 0.615425 0.624245 0.632516 0.640286 0.647599 0.654492 0.660999 0.667152 0.672977 0.678499 0.683740 0.688720 0.693458 0.697970 0.702272 0.706376 0.710296 0.714043 0.717628 0.721061 
0.000000 0.000000 0.000000 0.000000 0.000000 0.000000 0.000000 0.000000 0.000000 0.000000 0.000000 0.000000 0.000000 0.000000 0.000000 0.000000 0.000000 0.000000 0.000000 0.000000 0.000000 0.000000 0.000000 0.000000 0.000000 0.000000 0.000000 0.000000 0.000000 0.000000 0.000000 0.000000 0.000000 0.000000 0.000000 0.000000 0.000000 0.000000 0.000000 0.000000 0.000000 0.000000 0.000000 0.000000 0.000000 0.000000 0.000000 0.000000 0.000000 0.000000 0.000000 



