pd=0.300000
0.000000 0.000000 0.000000 0.000000 0.000000 0.000000 0.000000 0.000000 0.000000 0.000000 0.001487 0.082910 0.151773 0.210001 0.259873 0.303061 0.340817 0.374100 0.403657 0.430076 0.453827 0.475292 0.494782 0.512556 0.528827 0.543777 0.557558 0.570299 0.582113 0.593095 0.603329 0.612886 0.621831 0.630220 0.638100 0.645517 0.652508 0.659108 0.665348 0.671256 0.676857 0.682174 0.687225 0.692031 0.696608 0.700972 0.705135 0.709112 0.712913 0.716550 0.720032 
0.000000 0.000000 0.000000 0.000000 0.000000 0.000000 0.000000 0.000000 0.000000 0.000000 0.001356 0.082512 0.151320 0.209515 0.259369 0.302547 0.340302 0.373589 0.403152 0.429579 0.453341 0.474817 0.494319 0.512105 0.528390 0.543352 0.557146 0.569900 0.581726 0.592720 0.602965 0.612534 0.621490 0.629889 0.637780 0.645207 0.652208 0.658818 0.665068 0.670985 0.676595 0.681920 0.686980 0.691794 0.696379 0.700750 0.704921 0.708904 0.712712 0.716356 0.719845 
0.000000 0.000000 0.000000 0.000000 0.000000 0.000000 0.000000 0.000000 0.000000 0.000000 0.002642 0.083954 0.152304 0.210209 0.259869 0.302915 0.340574 0.373791 0.403302 0.429689 0.453420 0.474872 0.494356 0.512127 0.528400 0.543353 0.557138 0.569886 0.581707 0.592697 0.602939 0.612506 0.621460 0.629858 0.637747 0.645173 0.652174 0.658783 0.665033 0.670950 0.676559 0.681884 0.686945 0.691759 0.696344 0.700715 0.704887 0.708871 0.712680 0.716324 0.719813 
0.000000 0.000000 0.000000 0.000000 0.000000 0.000000 0.000000 0.000000 0.009549 0.070049 0.096097 0.122329 0.166186 0.217729 0.264585 0.306138 0.342910 0.375559 0.404684 0.430798 0.454329 0.475629 0.494996 0.512675 0.528873 0.543765 0.557501 0.570207 0.581993 0.592953 0.603170 0.612714 0.621649 0.630029 0.637904 0.645316 0.652305 0.658904 0.665144 0.671052 0.676654 0.681972 0.687026 0.691835 0.696414 0.700781 0.704947 0.708927 0.712732 0.716373 0.719859 
0.000000 0.000000 0.000000 0.000000 0.000000 0.013310 0.060470 0.105259 0.145769 0.176939 0.205729 0.241589 0.266796 0.289655 0.333122 0.354304 0.374675 0.394950 0.416058 0.437904 0.459216 0.479234 0.497781 0.514899 0.530695 0.545287 0.558792 0.571317 0.582957 0.593799 0.603918 0.613380 0.622245 0.630567 0.638391 0.645759 0.652709 0.659274 0.665483 0.671365 0.676943 0.682239 0.687274 0.692065 0.696629 0.700980 0.705134 0.709102 0.712895 0.716525 0.720002 



pd=0.500000
0.000000 0.000000 0.000000 0.000000 0.000000 0.000000 0.000000 0.000000 0.000000 0.000000 0.002948 0.085206 0.154070 0.212280 0.262122 0.305270 0.342981 0.376215 0.405720 0.432085 0.455782 0.477193 0.496629 0.514350 0.530569 0.545468 0.559199 0.571891 0.583658 0.594593 0.604782 0.614296 0.623199 0.631546 0.639387 0.646764 0.653718 0.660282 0.666487 0.672361 0.677929 0.683213 0.688234 0.693010 0.697558 0.701893 0.706028 0.709978 0.713754 0.717365 0.720823 
0.000000 0.000000 0.000000 0.000000 0.000000 0.000000 0.000000 0.000000 0.000000 0.000000 0.002029 0.083615 0.152443 0.210636 0.260476 0.303633 0.341360 0.374618 0.404150 0.430546 0.454276 0.475721 0.495193 0.512950 0.529205 0.544140 0.557907 0.570636 0.582437 0.593408 0.603630 0.613178 0.622113 0.630492 0.638364 0.645772 0.652756 0.659349 0.665582 0.671483 0.677078 0.682388 0.687434 0.692235 0.696806 0.701164 0.705323 0.709295 0.713092 0.716724 0.720202 
0.000000 0.000000 0.000000 0.000000 0.000000 0.000000 0.000000 0.000000 0.000000 0.000000 0.003190 0.084945 0.153430 0.211376 0.261031 0.304047 0.341667 0.374840 0.404306 0.430648 0.454336 0.475747 0.495191 0.512925 0.529163 0.544083 0.557837 0.570556 0.582350 0.593314 0.603532 0.613075 0.622007 0.630384 0.638255 0.645662 0.652645 0.659238 0.665471 0.671373 0.676969 0.682280 0.687327 0.692129 0.696702 0.701062 0.705222 0.709196 0.712994 0.716629 0.720109 
0.000000 0.000000 0.000000 0.000000 0.000000 0.000000 0.000000 0.000004 0.036398 0.065727 0.091791 0.119244 0.170053 0.222171 0.268754 0.309894 0.346269 0.378568 0.407394 0.433253 0.456565 0.477677 0.496880 0.514416 0.530489 0.545271 0.558907 0.571525 0.583231 0.594118 0.604269 0.613753 0.622633 0.630963 0.638791 0.646161 0.653109 0.659671 0.665876 0.671753 0.677324 0.682614 0.687641 0.692424 0.696980 0.701324 0.705470 0.709430 0.713215 0.716838 0.720307 
0.000000 0.000000 0.000000 0.000000 0.000371 0.093327 0.094665 0.138572 0.175189 0.205809 0.244054 0.273687 0.299857 0.321005 0.366192 0.383698 0.400417 0.416799 0.433477 0.451103 0.469458 0.487573 0.504811 0.520964 0.536012 0.550006 0.563021 0.575136 0.586431 0.596975 0.606837 0.616075 0.624742 0.632888 0.640556 0.647784 0.654607 0.661057 0.667162 0.672949 0.678439 0.683655 0.688615 0.693338 0.697838 0.702130 0.706228 0.710144 0.713890 0.717475 0.720909 



pd=0.700000
0.000000 0.000000 0.000000 0.000000 0.000000 0.000000 0.000000 0.000000 0.000000 0.000000 0.009151 0.091891 0.160427 0.218327 0.267877 0.310751 0.348205 0.381198 0.410477 0.436629 0.460126 0.481348 0.500608 0.518161 0.534223 0.548972 0.562562 0.575121 0.586760 0.597576 0.607650 0.617055 0.625854 0.634102 0.641849 0.649136 0.656004 0.662485 0.668612 0.674410 0.679906 0.685120 0.690074 0.694786 0.699272 0.703548 0.707627 0.711521 0.715244 0.718804 0.722213 
0.000000 0.000000 0.000000 0.000000 0.000000 0.000000 0.000000 0.000000 0.000000 0.000000 0.004038 0.086507 0.155167 0.213207 0.262905 0.305932 0.343540 0.376686 0.406116 0.432417 0.456059 0.477422 0.496817 0.514502 0.530691 0.545563 0.559271 0.571944 0.583693 0.594613 0.604789 0.614292 0.623185 0.631524 0.639358 0.646730 0.653679 0.660239 0.666441 0.672312 0.677878 0.683160 0.688180 0.692955 0.697502 0.701837 0.705973 0.709924 0.713700 0.717312 0.720771 
0.000000 0.000000 0.000000 0.000000 0.000000 0.000000 0.000000 0.000000 0.000000 0.000000 0.004957 0.087236 0.155613 0.213443 0.262983 0.305891 0.343408 0.376486 0.405863 0.432123 0.455735 0.477075 0.496454 0.514127 0.530308 0.545175 0.558881 0.571553 0.583304 0.594227 0.604407 0.613914 0.622813 0.631157 0.638997 0.646376 0.653332 0.659899 0.666108 0.671986 0.677559 0.682849 0.687876 0.692659 0.697213 0.701555 0.705698 0.709656 0.713439 0.717058 0.720524 
0.000000 0.000000 0.000000 0.000000 0.000000 0.000000 0.000000 0.000000 0.000000 0.000000 0.032513 0.104757 0.168230 0.223098 0.270673 0.312195 0.348691 0.380989 0.409757 0.435530 0.458744 0.479755 0.498859 0.516298 0.532279 0.546973 0.560527 0.573067 0.584701 0.595521 0.605607 0.615032 0.623855 0.632132 0.639910 0.647232 0.654136 0.660656 0.666822 0.672660 0.678196 0.683451 0.688446 0.693199 0.697726 0.702042 0.706161 0.710095 0.713857 0.717456 0.720902 
0.000000 0.000000 0.000000 0.000000 0.000000 0.033264 0.085735 0.106462 0.215441 0.216943 0.276204 0.300711 0.322481 0.342136 0.360196 0.377173 0.393795 0.411410 0.431218 0.451992 0.472100 0.490953 0.508451 0.524646 0.539631 0.553514 0.566394 0.578366 0.589516 0.599918 0.609643 0.618749 0.627292 0.635320 0.642876 0.649999 0.656723 0.663080 0.669097 0.674800 0.680211 0.685353 0.690242 0.694898 0.699335 0.703567 0.707608 0.711470 0.715163 0.718699 0.722086 



