la=-1.000000
0.000000 0.000000 0.000000 0.000000 0.000000 0.000000 0.000000 0.000000 0.000000 0.000002 0.000567 0.002135 0.003472 0.004603 0.005571 0.006410 0.007143 0.007789 0.008363 0.008876 0.009337 0.009753 0.010132 0.010477 0.010793 0.011083 0.011350 0.011598 0.011827 0.012040 0.012238 0.012424 0.012597 0.012760 0.012913 0.013057 0.013192 0.013320 0.013441 0.013556 0.013665 0.013768 0.013866 0.013959 0.014047 0.014132 0.014213 0.014290 0.014363 0.014434 0.014501 
0.000000 0.000000 0.000000 0.000000 0.000000 0.000000 0.000000 0.000000 0.000000 0.000000 0.000714 0.075251 0.147146 0.205666 0.255796 0.299215 0.337180 0.370653 0.400382 0.426958 0.450853 0.472451 0.492064 0.509951 0.526328 0.541375 0.555248 0.568075 0.579969 0.591026 0.601331 0.610955 0.619964 0.628412 0.636349 0.643820 0.650862 0.657511 0.663798 0.669751 0.675394 0.680751 0.685841 0.690685 0.695297 0.699695 0.703891 0.707900 0.711731 0.715398 0.718908 
0.000000 0.000000 0.000000 0.000000 0.000000 0.000000 0.000000 0.000000 0.000000 0.000000 0.001224 0.079094 0.149734 0.208120 0.258123 0.301423 0.339276 0.372644 0.402276 0.428761 0.452572 0.474090 0.493630 0.511448 0.527760 0.542748 0.556563 0.569337 0.581181 0.592191 0.602451 0.612033 0.621001 0.629411 0.637312 0.644748 0.651758 0.658376 0.664633 0.670557 0.676173 0.681504 0.686570 0.691389 0.695979 0.700355 0.704530 0.708518 0.712331 0.715978 0.719471 



la=0.000000
0.000000 0.000000 0.000000 0.000000 0.000000 0.000000 0.000000 0.000000 0.000000 0.000002 0.000567 0.002135 0.003472 0.004603 0.005571 0.006410 0.007143 0.007789 0.008363 0.008876 0.009337 0.009753 0.010132 0.010477 0.010793 0.011083 0.011350 0.011598 0.011827 0.012040 0.012238 0.012424 0.012597 0.012760 0.012913 0.013057 0.013192 0.013320 0.013441 0.013556 0.013665 0.013768 0.013866 0.013959 0.014047 0.014132 0.014213 0.014290 0.014363 0.014434 0.014501 
0.000000 0.000000 0.000000 0.000000 0.000000 0.000000 0.000000 0.000000 0.000000 0.000000 0.001240 0.077309 0.147771 0.206140 0.256164 0.299505 0.337412 0.370840 0.400534 0.427082 0.450955 0.472535 0.492133 0.510008 0.526374 0.541414 0.555279 0.568100 0.579989 0.591042 0.601343 0.610964 0.619970 0.628415 0.636351 0.643819 0.650860 0.657508 0.663793 0.669745 0.675387 0.680743 0.685833 0.690676 0.695288 0.699685 0.703881 0.707889 0.711721 0.715387 0.718897 
0.000000 0.000000 0.000000 0.000000 0.000000 0.000000 0.000000 0.000000 0.000000 0.000001 0.001440 0.079413 0.149711 0.208047 0.258015 0.301289 0.339124 0.372480 0.402103 0.428583 0.452390 0.473908 0.493447 0.511266 0.527580 0.542570 0.556388 0.569165 0.581012 0.592026 0.602289 0.611875 0.620847 0.629260 0.637165 0.644605 0.651618 0.658240 0.664500 0.670428 0.676047 0.681382 0.686451 0.691273 0.695866 0.700245 0.704423 0.708414 0.712229 0.715880 0.719375 



la=1.000000
0.000000 0.000000 0.000000 0.000000 0.000000 0.000000 0.000000 0.000000 0.000000 0.000002 0.000567 0.002135 0.003472 0.004603 0.005571 0.006410 0.007143 0.007789 0.008363 0.008876 0.009337 0.009753 0.010132 0.010477 0.010793 0.011083 0.011350 0.011598 0.011827 0.012040 0.012238 0.012424 0.012597 0.012760 0.012913 0.013057 0.013192 0.013320 0.013441 0.013556 0.013665 0.013768 0.013866 0.013959 0.014047 0.014132 0.014213 0.014290 0.014363 0.014434 0.014501 
0.000000 0.000000 0.000000 0.000000 0.000000 0.000000 0.000000 0.000000 0.000000 0.000004 0.006742 0.082053 0.150106 0.207852 0.257472 0.300538 0.338247 0.371529 0.401112 0.427574 0.451379 0.472903 0.492456 0.510293 0.526628 0.541641 0.555483 0.568284 0.580156 0.591194 0.601482 0.611092 0.620087 0.628523 0.636450 0.643911 0.650945 0.657587 0.663867 0.669813 0.675451 0.680803 0.685889 0.690728 0.695336 0.699730 0.703924 0.707929 0.711758 0.715421 0.718929 
0.000000 0.000000 0.000000 0.000000 0.000000 0.000000 0.000000 0.000000 0.000000 0.000004 0.006459 0.083085 0.151796 0.209821 0.259548 0.302631 0.340311 0.373539 0.403055 0.429443 0.453173 0.474624 0.494104 0.511872 0.528141 0.543091 0.556873 0.569617 0.581435 0.592422 0.602662 0.612226 0.621177 0.629572 0.637460 0.644884 0.651883 0.658491 0.664739 0.670654 0.676263 0.681587 0.686646 0.691460 0.696044 0.700415 0.704585 0.708569 0.712378 0.716021 0.719510 



