la=-2.000000
0.000000 0.000000 0.000000 0.000000 0.000000 0.000000 0.000000 0.000000 0.000000 0.000000 0.001455 0.082862 0.151129 0.209059 0.258774 0.301881 0.339602 0.372877 0.402442 0.428879 0.452654 0.474148 0.493669 0.511474 0.527778 0.542760 0.556572 0.569345 0.581189 0.592200 0.602462 0.612047 0.621019 0.629432 0.637337 0.644777 0.651791 0.658414 0.664675 0.670604 0.676224 0.681559 0.686630 0.691453 0.696047 0.700427 0.704606 0.708598 0.712414 0.716066 0.719562 
0.000000 0.000000 0.000000 0.000000 0.000000 0.000000 0.000000 0.000000 0.000000 0.000000 0.001356 0.082512 0.151320 0.209515 0.259369 0.302547 0.340302 0.373589 0.403152 0.429579 0.453341 0.474817 0.494319 0.512105 0.528390 0.543352 0.557146 0.569900 0.581726 0.592720 0.602965 0.612534 0.621490 0.629889 0.637780 0.645207 0.652208 0.658818 0.665068 0.670985 0.676595 0.681920 0.686980 0.691794 0.696379 0.700750 0.704921 0.708904 0.712712 0.716356 0.719845 
0.000000 0.000000 0.000000 0.000000 0.000000 0.000000 0.000000 0.000000 0.000000 0.000000 0.002029 0.083615 0.152443 0.210636 0.260476 0.303633 0.341360 0.374618 0.404150 0.430546 0.454276 0.475721 0.495193 0.512950 0.529205 0.544140 0.557907 0.570636 0.582437 0.593408 0.603630 0.613178 0.622113 0.630492 0.638364 0.645772 0.652756 0.659349 0.665582 0.671483 0.677078 0.682388 0.687434 0.692235 0.696806 0.701164 0.705323 0.709295 0.713092 0.716724 0.720202 
0.000000 0.000000 0.000000 0.000000 0.000000 0.000000 0.000000 0.000000 0.000000 0.000000 0.004038 0.086507 0.155167 0.213207 0.262905 0.305932 0.343540 0.376686 0.406116 0.432417 0.456059 0.477422 0.496817 0.514502 0.530691 0.545563 0.559271 0.571944 0.583693 0.594613 0.604789 0.614292 0.623185 0.631524 0.639358 0.646730 0.653679 0.660239 0.666441 0.672312 0.677878 0.683160 0.688180 0.692955 0.697502 0.701837 0.705973 0.709924 0.713700 0.717312 0.720771 
0.000000 0.000000 0.000000 0.000000 0.000000 0.000000 0.000000 0.000000 0.000000 0.000000 0.014336 0.095780 0.163312 0.220445 0.269399 0.311805 0.348888 0.381585 0.410626 0.436587 0.459929 0.481026 0.500184 0.517656 0.533653 0.548350 0.561899 0.574427 0.586042 0.596840 0.606903 0.616300 0.625096 0.633344 0.641093 0.648385 0.655260 0.661750 0.667886 0.673695 0.679203 0.684430 0.689397 0.694123 0.698623 0.702913 0.707007 0.710917 0.714654 0.718230 0.721653 



la=0.000000
0.000000 0.000000 0.000000 0.000000 0.000000 0.000000 0.000000 0.000000 0.000000 0.000000 0.007593 0.085268 0.152251 0.209649 0.259106 0.302075 0.339716 0.372942 0.402477 0.428894 0.452656 0.474141 0.493657 0.511458 0.527759 0.542740 0.556551 0.569323 0.581167 0.592178 0.602440 0.612026 0.620998 0.629412 0.637317 0.644758 0.651772 0.658395 0.664657 0.670586 0.676207 0.681543 0.686613 0.691438 0.696032 0.700412 0.704592 0.708584 0.712401 0.716052 0.719549 
0.000000 0.000000 0.000000 0.000000 0.000000 0.000000 0.000000 0.000000 0.000000 0.000000 0.002642 0.083954 0.152304 0.210209 0.259869 0.302915 0.340574 0.373791 0.403302 0.429689 0.453420 0.474872 0.494356 0.512127 0.528400 0.543353 0.557138 0.569886 0.581707 0.592697 0.602939 0.612506 0.621460 0.629858 0.637747 0.645173 0.652174 0.658783 0.665033 0.670950 0.676559 0.681884 0.686945 0.691759 0.696344 0.700715 0.704887 0.708871 0.712680 0.716324 0.719813 
0.000000 0.000000 0.000000 0.000000 0.000000 0.000000 0.000000 0.000000 0.000000 0.000000 0.003190 0.084945 0.153430 0.211376 0.261031 0.304047 0.341667 0.374840 0.404306 0.430648 0.454336 0.475747 0.495191 0.512925 0.529163 0.544083 0.557837 0.570556 0.582350 0.593314 0.603532 0.613075 0.622007 0.630384 0.638255 0.645662 0.652645 0.659238 0.665471 0.671373 0.676969 0.682280 0.687327 0.692129 0.696702 0.701062 0.705222 0.709196 0.712994 0.716629 0.720109 
0.000000 0.000000 0.000000 0.000000 0.000000 0.000000 0.000000 0.000000 0.000000 0.000000 0.004957 0.087236 0.155613 0.213443 0.262983 0.305891 0.343408 0.376486 0.405863 0.432123 0.455735 0.477075 0.496454 0.514127 0.530308 0.545175 0.558881 0.571553 0.583304 0.594227 0.604407 0.613914 0.622813 0.631157 0.638997 0.646376 0.653332 0.659899 0.666108 0.671986 0.677559 0.682849 0.687876 0.692659 0.697213 0.701555 0.705698 0.709656 0.713439 0.717058 0.720524 
0.000000 0.000000 0.000000 0.000000 0.000000 0.000000 0.000000 0.000000 0.000000 0.000000 0.008408 0.090870 0.158953 0.216527 0.265842 0.308550 0.345890 0.378808 0.408042 0.434173 0.457667 0.478900 0.498181 0.515764 0.531861 0.546652 0.560286 0.572892 0.584581 0.595446 0.605572 0.615029 0.623879 0.632179 0.639977 0.647315 0.654233 0.660764 0.666939 0.672785 0.678328 0.683588 0.688587 0.693343 0.697872 0.702190 0.706310 0.710245 0.714007 0.717606 0.721051 



la=2.000000
0.000000 0.000000 0.000000 0.000000 0.000000 0.000000 0.000000 0.000000 0.000000 0.018882 0.048864 0.098743 0.157188 0.211817 0.260204 0.302687 0.340080 0.373169 0.402622 0.428988 0.452717 0.474180 0.493680 0.511471 0.527765 0.542740 0.556547 0.569316 0.581158 0.592168 0.602429 0.612014 0.620985 0.629399 0.637304 0.644745 0.651759 0.658382 0.664644 0.670573 0.676194 0.681530 0.686601 0.691425 0.696020 0.700400 0.704580 0.708573 0.712390 0.716041 0.719538 
0.000000 0.000000 0.000000 0.000000 0.000000 0.000000 0.000000 0.000000 0.009549 0.070049 0.096097 0.122329 0.166186 0.217729 0.264585 0.306138 0.342910 0.375559 0.404684 0.430798 0.454329 0.475629 0.494996 0.512675 0.528873 0.543765 0.557501 0.570207 0.581993 0.592953 0.603170 0.612714 0.621649 0.630029 0.637904 0.645316 0.652305 0.658904 0.665144 0.671052 0.676654 0.681972 0.687026 0.691835 0.696414 0.700781 0.704947 0.708927 0.712732 0.716373 0.719859 
0.000000 0.000000 0.000000 0.000000 0.000000 0.000000 0.000000 0.000004 0.036398 0.065727 0.091791 0.119244 0.170053 0.222171 0.268754 0.309894 0.346269 0.378568 0.407394 0.433253 0.456565 0.477677 0.496880 0.514416 0.530489 0.545271 0.558907 0.571525 0.583231 0.594118 0.604269 0.613753 0.622633 0.630963 0.638791 0.646161 0.653109 0.659671 0.665876 0.671753 0.677324 0.682614 0.687641 0.692424 0.696980 0.701324 0.705470 0.709430 0.713215 0.716838 0.720307 
0.000000 0.000000 0.000000 0.000000 0.000000 0.000000 0.000000 0.000000 0.000000 0.000000 0.032513 0.104757 0.168230 0.223098 0.270673 0.312195 0.348691 0.380989 0.409757 0.435530 0.458744 0.479755 0.498859 0.516298 0.532279 0.546973 0.560527 0.573067 0.584701 0.595521 0.605607 0.615032 0.623855 0.632132 0.639910 0.647232 0.654136 0.660656 0.666822 0.672660 0.678196 0.683451 0.688446 0.693199 0.697726 0.702042 0.706161 0.710095 0.713857 0.717456 0.720902 
0.000000 0.000000 0.000000 0.000000 0.000000 0.000000 0.000000 0.000000 0.000000 0.000000 0.018816 0.098488 0.165185 0.221765 0.270337 0.312471 0.349354 0.381902 0.410829 0.436703 0.459978 0.481023 0.500140 0.517579 0.533550 0.548227 0.561759 0.574274 0.585880 0.596671 0.606728 0.616122 0.624914 0.633161 0.640909 0.648201 0.655076 0.661567 0.667705 0.673516 0.679026 0.684255 0.689225 0.693954 0.698457 0.702750 0.706847 0.710759 0.714500 0.718079 0.721506 



