la=-1.000000
0.009337 0.449655 0.449811 0.449933 0.450033 0.450116 0.450186 0.450248 0.450303 0.450354 0.450401 0.450446 0.450489 0.450532 0.450575 0.450619 0.450663 0.450708 0.450755 0.450803 0.450853 0.450906 0.450960 0.451018 0.451077 0.451140 0.451206 0.451275 0.451347 0.451423 0.451503 0.451587 0.451675 0.451768 0.451866 0.451969 0.452077 0.452191 0.452311 0.452438 0.452572 0.452713 0.452862 0.453021 0.453188 0.453366 0.453555 0.453755 0.453968 0.454195 0.454438 
0.012238 0.600579 0.600650 0.600711 0.600765 0.600813 0.600856 0.600896 0.600933 0.600968 0.601002 0.601034 0.601066 0.601098 0.601129 0.601161 0.601193 0.601226 0.601260 0.601295 0.601331 0.601368 0.601407 0.601447 0.601488 0.601532 0.601577 0.601624 0.601673 0.601724 0.601777 0.601832 0.601890 0.601950 0.602013 0.602079 0.602147 0.602218 0.602293 0.602370 0.602451 0.602535 0.602623 0.602714 0.602810 0.602909 0.603013 0.603122 0.603235 0.603353 0.603477 
0.013665 0.674871 0.674914 0.674953 0.674988 0.675020 0.675050 0.675077 0.675104 0.675129 0.675153 0.675177 0.675200 0.675223 0.675246 0.675270 0.675294 0.675318 0.675342 0.675368 0.675394 0.675421 0.675449 0.675478 0.675508 0.675539 0.675571 0.675604 0.675639 0.675675 0.675713 0.675751 0.675792 0.675834 0.675877 0.675922 0.675969 0.676017 0.676068 0.676120 0.676173 0.676229 0.676287 0.676346 0.676408 0.676472 0.676538 0.676606 0.676676 0.676749 0.676823 



la=0.000000
0.009337 0.449641 0.449795 0.449923 0.450031 0.450124 0.450206 0.450278 0.450343 0.450402 0.450458 0.450510 0.450561 0.450610 0.450659 0.450707 0.450755 0.450804 0.450853 0.450904 0.450955 0.451008 0.451063 0.451119 0.451177 0.451236 0.451298 0.451362 0.451427 0.451495 0.451565 0.451637 0.451711 0.451788 0.451867 0.451948 0.452032 0.452118 0.452206 0.452297 0.452390 0.452486 0.452585 0.452685 0.452789 0.452895 0.453003 0.453114 0.453227 0.453343 0.453461 
0.012238 0.600572 0.600639 0.600699 0.600753 0.600802 0.600847 0.600889 0.600928 0.600966 0.601002 0.601037 0.601071 0.601104 0.601138 0.601171 0.601204 0.601238 0.601272 0.601307 0.601343 0.601379 0.601417 0.601455 0.601494 0.601535 0.601576 0.601619 0.601663 0.601708 0.601754 0.601802 0.601851 0.601901 0.601953 0.602006 0.602060 0.602115 0.602172 0.602230 0.602289 0.602349 0.602411 0.602474 0.602538 0.602602 0.602668 0.602735 0.602803 0.602872 0.602941 
0.013665 0.674866 0.674907 0.674944 0.674978 0.675010 0.675040 0.675068 0.675095 0.675120 0.675145 0.675170 0.675194 0.675217 0.675241 0.675265 0.675289 0.675313 0.675337 0.675362 0.675387 0.675413 0.675439 0.675467 0.675494 0.675523 0.675552 0.675582 0.675613 0.675645 0.675677 0.675711 0.675745 0.675780 0.675816 0.675852 0.675890 0.675928 0.675967 0.676007 0.676047 0.676089 0.676131 0.676173 0.676216 0.676260 0.676304 0.676348 0.676393 0.676439 0.676484 



la=1.000000
0.009337 0.449627 0.449780 0.449915 0.450037 0.450147 0.450248 0.450341 0.450430 0.450514 0.450595 0.450674 0.450752 0.450828 0.450905 0.450982 0.451059 0.451138 0.451217 0.451297 0.451379 0.451462 0.451546 0.451631 0.451718 0.451806 0.451895 0.451985 0.452076 0.452167 0.452259 0.452352 0.452444 0.452537 0.452630 0.452722 0.452814 0.452906 0.452996 0.453085 0.453173 0.453260 0.453345 0.453428 0.453509 0.453588 0.453664 0.453738 0.453809 0.453877 0.453942 
0.012238 0.600566 0.600629 0.600687 0.600742 0.600794 0.600843 0.600890 0.600936 0.600981 0.601025 0.601068 0.601112 0.601156 0.601200 0.601245 0.601290 0.601337 0.601384 0.601432 0.601482 0.601533 0.601584 0.601637 0.601691 0.601746 0.601803 0.601860 0.601918 0.601977 0.602037 0.602098 0.602159 0.602221 0.602284 0.602347 0.602410 0.602473 0.602536 0.602599 0.602662 0.602724 0.602786 0.602847 0.602908 0.602967 0.603025 0.603083 0.603138 0.603192 0.603245 
0.013665 0.674862 0.674900 0.674936 0.674969 0.675001 0.675032 0.675062 0.675092 0.675120 0.675149 0.675177 0.675206 0.675235 0.675264 0.675293 0.675324 0.675354 0.675386 0.675418 0.675451 0.675485 0.675519 0.675555 0.675591 0.675628 0.675666 0.675705 0.675745 0.675785 0.675826 0.675868 0.675910 0.675953 0.675997 0.676040 0.676085 0.676129 0.676174 0.676218 0.676263 0.676308 0.676352 0.676396 0.676440 0.676484 0.676526 0.676568 0.676610 0.676650 0.676690 



