la=-2.000000
0.000000 0.000000 0.000000 0.000000 0.000000 0.000000 0.000000 0.000000 0.001691 0.004134 0.006013 0.007516 0.008831 0.009959 0.010898 0.011650 0.012401 0.012965 0.013529 0.014092 0.014468 0.014844 0.015220 0.015596 0.015784 0.016159 0.016347 0.016535 0.016911 0.017099 0.017287 0.017475 0.017663 0.017663 0.017850 0.018038 0.018226 0.018226 0.018414 0.018414 0.018602 0.018602 0.018790 0.018790 0.018978 0.018978 0.019166 0.019166 0.019166 0.019354 0.019354 
0.000000 0.000000 0.000000 0.000000 0.000000 0.000000 0.000000 0.012965 0.055054 0.104284 0.153326 0.197858 0.234874 0.270951 0.304585 0.334837 0.372228 0.416761 0.447388 0.475385 0.498121 0.518978 0.537392 0.553551 0.568020 0.582488 0.594701 0.605787 0.615934 0.625517 0.634724 0.643743 0.651447 0.659151 0.666291 0.671928 0.678692 0.684893 0.689590 0.694852 0.699549 0.703683 0.708005 0.713078 0.716272 0.720030 0.723600 0.727170 0.731304 0.732807 0.736189 
0.000000 0.000000 0.000000 0.000000 0.000000 0.000000 0.000000 0.000000 0.000188 0.016347 0.050169 0.088688 0.187899 0.259677 0.313604 0.357009 0.394589 0.427659 0.455844 0.480271 0.501315 0.521233 0.539083 0.555618 0.570086 0.583427 0.596017 0.606915 0.618189 0.627772 0.636227 0.643931 0.652386 0.659714 0.666291 0.672867 0.679068 0.685081 0.690530 0.695227 0.700301 0.704059 0.708380 0.712890 0.716648 0.721157 0.724352 0.727922 0.730928 0.734686 0.736565 
0.000000 0.000000 0.000000 0.000000 0.000000 0.000000 0.000000 0.000000 0.000000 0.000000 0.035325 0.134912 0.209884 0.269072 0.319617 0.361894 0.397219 0.428410 0.456032 0.479895 0.502255 0.520857 0.538707 0.554491 0.568583 0.582488 0.595265 0.607103 0.616873 0.627020 0.635663 0.643743 0.651823 0.658587 0.666291 0.672679 0.678692 0.684705 0.689590 0.693912 0.699925 0.704434 0.708944 0.712702 0.717024 0.720782 0.723600 0.727546 0.730552 0.733747 0.737317 
0.000000 0.000000 0.000000 0.000000 0.000000 0.000000 0.000000 0.000000 0.000000 0.000000 0.069711 0.153702 0.220782 0.278091 0.324126 0.363397 0.399286 0.430477 0.457535 0.481022 0.502631 0.521608 0.540023 0.554679 0.569335 0.582864 0.594701 0.605787 0.616498 0.626832 0.634912 0.643555 0.652198 0.659151 0.665727 0.672304 0.678129 0.684329 0.689966 0.694476 0.700113 0.704622 0.708005 0.713078 0.716836 0.720594 0.723412 0.727170 0.731116 0.734123 0.736753 
0.000000 0.000000 0.000000 0.000000 0.000000 0.000000 0.000000 0.000000 0.000000 0.001315 0.095641 0.172304 0.236941 0.291056 0.336528 0.375047 0.408681 0.438933 0.464111 0.487411 0.508831 0.525930 0.544720 0.559188 0.573281 0.587561 0.599399 0.610109 0.620256 0.629651 0.638858 0.645622 0.654077 0.661030 0.666855 0.674183 0.680759 0.686020 0.691657 0.695415 0.700676 0.704247 0.709696 0.714017 0.717399 0.721345 0.725103 0.727734 0.731304 0.734310 0.736941 
0.000000 0.000000 0.000000 0.000000 0.000000 0.000000 0.000000 0.000000 0.000000 0.018978 0.114055 0.188275 0.250846 0.301578 0.345735 0.383502 0.416197 0.444006 0.469372 0.492484 0.512589 0.531943 0.548290 0.562946 0.577978 0.590192 0.602217 0.612927 0.622698 0.632093 0.640924 0.648440 0.655956 0.663097 0.670800 0.676813 0.682450 0.688087 0.692785 0.697858 0.702368 0.707817 0.711011 0.715145 0.718903 0.722285 0.726043 0.729049 0.733371 0.735626 0.738444 
0.000000 0.000000 0.000000 0.000000 0.000000 0.000000 0.000000 0.000000 0.000000 0.043217 0.133784 0.206877 0.267005 0.316610 0.359451 0.396467 0.427283 0.456219 0.480834 0.502443 0.523487 0.541150 0.557497 0.572153 0.585494 0.597708 0.609169 0.620068 0.630026 0.638482 0.646937 0.654829 0.662533 0.669297 0.675686 0.681699 0.686772 0.692221 0.697294 0.702555 0.706501 0.711575 0.715520 0.718151 0.722849 0.726607 0.729801 0.732807 0.735062 0.738256 0.741638 
0.000000 0.000000 0.000000 0.000000 0.000000 0.000000 0.000000 0.000000 0.000000 0.065577 0.154077 0.224728 0.283540 0.332206 0.374295 0.411124 0.441188 0.468997 0.492860 0.514656 0.533070 0.549605 0.565765 0.580233 0.593574 0.605411 0.616498 0.626456 0.635851 0.644119 0.652762 0.660090 0.667230 0.673995 0.680195 0.686584 0.691469 0.697482 0.701616 0.706501 0.711199 0.714769 0.719091 0.723224 0.726231 0.729613 0.732995 0.735814 0.739384 0.741826 0.744645 
0.000000 0.000000 0.000000 0.000000 0.000000 0.000000 0.000000 0.000000 0.000000 0.093574 0.178504 0.247651 0.304773 0.353251 0.391958 0.424840 0.455844 0.483277 0.505449 0.526870 0.545660 0.561819 0.577790 0.590755 0.603157 0.613679 0.624765 0.635100 0.644119 0.652574 0.658963 0.667042 0.674183 0.680759 0.686020 0.692409 0.697482 0.702555 0.707253 0.711011 0.715708 0.719842 0.723224 0.727170 0.730365 0.734123 0.736189 0.739572 0.742954 0.745584 0.748215 
0.000000 0.000000 0.000000 0.000000 0.000000 0.000000 0.000000 0.000000 0.015596 0.123074 0.207629 0.271702 0.327133 0.371101 0.409245 0.443630 0.472379 0.497369 0.519729 0.538895 0.557497 0.573657 0.587937 0.602217 0.613491 0.624577 0.635663 0.643931 0.652574 0.660466 0.667606 0.674746 0.681135 0.686960 0.692409 0.698234 0.703307 0.708192 0.712890 0.716460 0.721345 0.724540 0.728486 0.731492 0.735250 0.737693 0.741263 0.743517 0.747463 0.750094 0.751973 
0.000000 0.000000 0.000000 0.000000 0.000000 0.000000 0.000000 0.000000 0.057309 0.163660 0.240887 0.304961 0.357572 0.398910 0.436114 0.467118 0.494175 0.518414 0.539083 0.558437 0.574784 0.589816 0.602969 0.615182 0.626644 0.637354 0.646561 0.655581 0.663284 0.670988 0.678316 0.684705 0.690154 0.696731 0.701992 0.707065 0.711950 0.717399 0.720218 0.724352 0.728110 0.731868 0.735250 0.738256 0.740699 0.744645 0.747275 0.750282 0.752912 0.754416 0.757422 



la=0.000000
0.000000 0.000000 0.000000 0.000000 0.000000 0.000000 0.000000 0.000000 0.001691 0.004134 0.006013 0.007516 0.008831 0.009959 0.010898 0.011650 0.012401 0.012965 0.013529 0.014092 0.014468 0.014844 0.015220 0.015596 0.015784 0.016159 0.016347 0.016535 0.016911 0.017099 0.017287 0.017475 0.017663 0.017663 0.017850 0.018038 0.018226 0.018226 0.018414 0.018414 0.018602 0.018602 0.018790 0.018790 0.018978 0.018978 0.019166 0.019166 0.019166 0.019354 0.019354 
0.000000 0.000000 0.000000 0.000000 0.000000 0.000000 0.000564 0.049418 0.116310 0.178129 0.232431 0.281285 0.323187 0.361330 0.394213 0.424652 0.450395 0.474070 0.494927 0.515032 0.531755 0.547914 0.562758 0.576851 0.588876 0.600338 0.611236 0.620819 0.630590 0.638482 0.646374 0.654453 0.661593 0.668170 0.673807 0.680571 0.686208 0.691094 0.696355 0.700864 0.705374 0.709132 0.713829 0.717212 0.720782 0.724915 0.727546 0.731680 0.733747 0.736189 0.740511 
0.000000 0.000000 0.000000 0.000000 0.000000 0.000000 0.000000 0.005449 0.073469 0.142428 0.204247 0.257422 0.305148 0.345359 0.381436 0.413003 0.441563 0.466930 0.488726 0.510522 0.527997 0.544532 0.560128 0.573844 0.586809 0.598647 0.609921 0.620256 0.630026 0.637918 0.646937 0.654453 0.661593 0.668358 0.674746 0.680947 0.686396 0.692033 0.696167 0.701616 0.705750 0.710259 0.714769 0.718339 0.722097 0.724915 0.729801 0.732056 0.734686 0.738256 0.741263 
0.000000 0.000000 0.000000 0.000000 0.000000 0.000000 0.000000 0.000000 0.017663 0.094138 0.163472 0.223412 0.275648 0.320556 0.359451 0.394025 0.425216 0.451146 0.475573 0.497369 0.515596 0.533446 0.549981 0.564449 0.577978 0.590755 0.602781 0.613115 0.622510 0.632093 0.640361 0.648440 0.656144 0.663097 0.670049 0.675874 0.681511 0.688275 0.692785 0.698046 0.702180 0.706689 0.711011 0.714205 0.719654 0.722473 0.726794 0.729237 0.732807 0.735814 0.738444 
0.000000 0.000000 0.000000 0.000000 0.000000 0.000000 0.000000 0.000000 0.000000 0.048666 0.125893 0.191469 0.247651 0.297257 0.339346 0.375423 0.408305 0.436490 0.461669 0.484404 0.505449 0.523487 0.540398 0.555806 0.570274 0.583615 0.594889 0.605787 0.615934 0.626080 0.635287 0.642991 0.651447 0.658399 0.664600 0.670988 0.676813 0.683578 0.689590 0.693536 0.698422 0.703871 0.707065 0.711762 0.714957 0.720030 0.722661 0.725667 0.729425 0.732995 0.735814 
0.000000 0.000000 0.000000 0.000000 0.000000 0.000000 0.000000 0.000000 0.000000 0.037204 0.120256 0.189966 0.249530 0.299324 0.341977 0.378993 0.411875 0.439684 0.466930 0.489290 0.509207 0.527997 0.545096 0.559752 0.574596 0.587185 0.599399 0.610109 0.620256 0.629651 0.638294 0.646937 0.653890 0.661781 0.668921 0.674371 0.681699 0.686020 0.692409 0.696543 0.701804 0.706501 0.711011 0.714581 0.718715 0.723224 0.726794 0.729801 0.731868 0.736002 0.738632 
0.000000 0.000000 0.000000 0.000000 0.000000 0.000000 0.000000 0.000000 0.000000 0.005261 0.091319 0.164976 0.226794 0.279218 0.323750 0.362270 0.395340 0.426156 0.452649 0.476137 0.497557 0.516911 0.533446 0.550545 0.564825 0.577978 0.590192 0.601466 0.612552 0.622322 0.630966 0.639797 0.648253 0.654829 0.662345 0.668170 0.674558 0.680571 0.686584 0.691469 0.697106 0.701240 0.706126 0.710447 0.714957 0.717963 0.722097 0.725103 0.728861 0.732619 0.735062 
0.000000 0.000000 0.000000 0.000000 0.000000 0.000000 0.000000 0.000000 0.000000 0.000000 0.076287 0.150695 0.214393 0.267381 0.312664 0.352499 0.386321 0.416761 0.444194 0.468433 0.490229 0.509771 0.527057 0.544344 0.559752 0.572153 0.584930 0.596768 0.607854 0.617061 0.626644 0.635287 0.643555 0.651447 0.658211 0.664600 0.671176 0.677001 0.683390 0.689402 0.693536 0.699173 0.703307 0.707441 0.711575 0.714957 0.719466 0.723600 0.726231 0.729989 0.732619 
0.000000 0.000000 0.000000 0.000000 0.000000 0.000000 0.000000 0.000000 0.000000 0.000000 0.072717 0.148065 0.212138 0.264938 0.310222 0.350620 0.385381 0.415445 0.442503 0.466742 0.489290 0.507892 0.526118 0.542653 0.557685 0.571402 0.583803 0.595829 0.605411 0.616122 0.625705 0.635475 0.642616 0.649944 0.657648 0.664600 0.670237 0.677377 0.682638 0.688275 0.692785 0.698610 0.701616 0.706689 0.711199 0.714769 0.719278 0.722473 0.725855 0.729049 0.731680 
0.000000 0.000000 0.000000 0.000000 0.000000 0.000000 0.000000 0.000000 0.000000 0.000000 0.056558 0.133033 0.198797 0.252912 0.299511 0.339722 0.375611 0.406614 0.434423 0.458850 0.480083 0.500939 0.518790 0.536265 0.550921 0.565953 0.577790 0.590380 0.601090 0.610673 0.621759 0.629838 0.638482 0.645998 0.652386 0.660090 0.666291 0.672492 0.679068 0.684517 0.689966 0.694100 0.699173 0.703495 0.707629 0.711762 0.716084 0.719466 0.723036 0.726419 0.729237 
0.000000 0.000000 0.000000 0.000000 0.000000 0.000000 0.000000 0.000000 0.000000 0.000000 0.069711 0.146374 0.210823 0.264186 0.310410 0.350620 0.385381 0.415445 0.443067 0.467681 0.489290 0.509019 0.527433 0.543029 0.557873 0.571778 0.584743 0.595453 0.606351 0.617061 0.627020 0.635475 0.643367 0.650507 0.657460 0.664412 0.671552 0.677001 0.683390 0.688463 0.693160 0.698046 0.703119 0.707441 0.711387 0.715145 0.718715 0.723036 0.725667 0.729801 0.732056 
0.000000 0.000000 0.000000 0.000000 0.000000 0.000000 0.000000 0.000000 0.000000 0.000000 0.086246 0.162721 0.225667 0.278843 0.323750 0.363021 0.397971 0.427095 0.454340 0.478016 0.499436 0.518602 0.536452 0.552424 0.567456 0.580609 0.592634 0.603720 0.614806 0.624201 0.633408 0.641488 0.649568 0.657648 0.664976 0.671364 0.677001 0.683202 0.688839 0.693912 0.698046 0.703871 0.707817 0.713078 0.716272 0.720218 0.723788 0.726794 0.730740 0.733559 0.736565 



la=2.000000
0.000000 0.000000 0.000000 0.000000 0.000000 0.000000 0.000000 0.000000 0.001691 0.004134 0.006013 0.007516 0.008831 0.009959 0.010898 0.011650 0.012401 0.012965 0.013529 0.014092 0.014468 0.014844 0.015220 0.015596 0.015784 0.016159 0.016347 0.016535 0.016911 0.017099 0.017287 0.017475 0.017663 0.017663 0.017850 0.018038 0.018226 0.018226 0.018414 0.018414 0.018602 0.018602 0.018790 0.018790 0.018978 0.018978 0.019166 0.019166 0.019166 0.019354 0.019354 
0.000000 0.000000 0.000000 0.000000 0.010147 0.059752 0.099399 0.147689 0.196355 0.246336 0.291620 0.332582 0.368470 0.399474 0.428786 0.454716 0.478016 0.498873 0.516911 0.533634 0.549230 0.564074 0.576475 0.589440 0.600150 0.611236 0.621195 0.628711 0.637542 0.644870 0.651447 0.659339 0.666479 0.672867 0.678504 0.684141 0.688651 0.693912 0.698985 0.703119 0.707817 0.711575 0.715520 0.718715 0.723036 0.726231 0.728861 0.732244 0.735438 0.738256 0.740699 
0.000000 0.000000 0.000000 0.011462 0.055618 0.098083 0.138858 0.178129 0.220782 0.262120 0.303269 0.342165 0.377302 0.408869 0.435926 0.461293 0.483089 0.503570 0.523300 0.539271 0.554303 0.569899 0.583427 0.594325 0.605599 0.615370 0.624765 0.634160 0.642803 0.649568 0.656708 0.664600 0.670425 0.676437 0.682638 0.686960 0.692597 0.697670 0.701804 0.706501 0.710823 0.714769 0.717775 0.722661 0.724540 0.727922 0.731868 0.735062 0.736941 0.739947 0.742578 
0.000000 0.000000 0.000000 0.020481 0.072717 0.117061 0.155769 0.190906 0.224728 0.265314 0.300451 0.338595 0.372980 0.404547 0.432544 0.456219 0.479519 0.500752 0.518978 0.536265 0.551109 0.565201 0.579106 0.591883 0.602593 0.613491 0.622322 0.631530 0.639985 0.648065 0.655581 0.661781 0.668170 0.674183 0.680759 0.686020 0.691281 0.695979 0.700864 0.705562 0.710071 0.713454 0.717775 0.721345 0.724540 0.727734 0.731492 0.734874 0.737505 0.739384 0.742202 
0.000000 0.000000 0.000000 0.016723 0.076099 0.120819 0.160090 0.193724 0.225291 0.256858 0.292559 0.329012 0.359263 0.390643 0.419767 0.444758 0.467681 0.488538 0.507892 0.524803 0.541902 0.555994 0.570462 0.583239 0.593950 0.604848 0.615182 0.624577 0.633221 0.641676 0.650132 0.657460 0.663097 0.669673 0.676813 0.681699 0.687336 0.692597 0.697482 0.701428 0.706501 0.710447 0.714957 0.718903 0.721533 0.725479 0.729049 0.731680 0.734686 0.737317 0.740511 
0.000000 0.000000 0.000000 0.000000 0.064825 0.113303 0.151635 0.186208 0.218151 0.245960 0.278279 0.310034 0.343668 0.373920 0.402292 0.428035 0.453025 0.475385 0.495866 0.513529 0.531191 0.547726 0.561067 0.575160 0.587561 0.598271 0.608982 0.618940 0.628335 0.636979 0.644307 0.651635 0.658587 0.666291 0.672492 0.677565 0.682826 0.688463 0.693160 0.698797 0.701992 0.706877 0.711199 0.715145 0.718151 0.723224 0.725667 0.729613 0.732807 0.735438 0.738256 
0.000000 0.000000 0.000000 0.000000 0.034761 0.089440 0.133596 0.167982 0.199737 0.226419 0.253476 0.288050 0.322059 0.353063 0.382939 0.411124 0.436678 0.460353 0.482150 0.502067 0.519917 0.536452 0.549981 0.565953 0.578354 0.590192 0.601090 0.611612 0.621947 0.630214 0.639233 0.647313 0.653702 0.661030 0.667794 0.673243 0.678504 0.684141 0.689778 0.694476 0.699549 0.704247 0.708380 0.712326 0.717399 0.719842 0.723600 0.727358 0.730177 0.733935 0.736565 
0.000000 0.000000 0.000000 0.000000 0.000000 0.046787 0.095077 0.135100 0.163660 0.194100 0.223412 0.260053 0.299324 0.333145 0.364900 0.395340 0.423149 0.449079 0.471251 0.491732 0.509771 0.527809 0.543405 0.558249 0.572341 0.584930 0.596204 0.607103 0.617437 0.626456 0.635475 0.643555 0.651447 0.658587 0.664600 0.671552 0.677565 0.682638 0.688651 0.694476 0.698422 0.701992 0.707817 0.710635 0.715333 0.719466 0.722661 0.726231 0.728861 0.732431 0.735062 
0.000000 0.000000 0.000000 0.000000 0.000000 0.000000 0.002067 0.060504 0.104472 0.141676 0.188839 0.233559 0.274333 0.313604 0.349868 0.381811 0.411687 0.438181 0.461669 0.484216 0.503382 0.521233 0.539271 0.553927 0.567456 0.580609 0.592071 0.602969 0.613491 0.623638 0.632093 0.640361 0.647877 0.655017 0.662157 0.669109 0.674558 0.681887 0.686208 0.691469 0.696543 0.701052 0.706501 0.710071 0.713266 0.718151 0.721721 0.724540 0.728110 0.731304 0.734310 
0.000000 0.000000 0.000000 0.000000 0.000000 0.000000 0.000000 0.006764 0.061819 0.110485 0.161218 0.205562 0.252912 0.297445 0.336716 0.372228 0.403420 0.432356 0.457723 0.479895 0.501127 0.520481 0.536640 0.552424 0.565765 0.578542 0.590567 0.602217 0.612740 0.622510 0.630778 0.639797 0.647501 0.655581 0.662345 0.668170 0.674558 0.680383 0.686020 0.691094 0.695979 0.701052 0.705374 0.709132 0.714017 0.717775 0.720970 0.725103 0.727922 0.730740 0.734498 
0.000000 0.000000 0.000000 0.000000 0.000000 0.000000 0.000000 0.000000 0.006764 0.065013 0.126832 0.184329 0.238444 0.285419 0.327508 0.364337 0.396092 0.425780 0.452649 0.475573 0.496242 0.516723 0.534010 0.550545 0.564449 0.577602 0.590380 0.600714 0.611612 0.622135 0.630966 0.639985 0.647877 0.654453 0.661030 0.668170 0.675686 0.680947 0.686020 0.691657 0.696731 0.701240 0.705374 0.710447 0.714393 0.717963 0.721909 0.725103 0.728298 0.731492 0.734310 
0.000000 0.000000 0.000000 0.000000 0.000000 0.000000 0.000000 0.000000 0.000000 0.022172 0.100902 0.171928 0.232995 0.284480 0.327508 0.366028 0.400038 0.429162 0.455280 0.479707 0.499624 0.519354 0.536265 0.552236 0.567080 0.580985 0.592822 0.604472 0.614431 0.624389 0.633972 0.642052 0.649568 0.657084 0.664600 0.670988 0.676625 0.683390 0.688463 0.693912 0.698797 0.703495 0.707253 0.712514 0.716272 0.719091 0.723412 0.726607 0.729989 0.733559 0.736753 



