la=-1.000000
0.000000 0.000000 0.000000 0.000000 0.000000 0.000000 0.000000 0.000000 0.000000 0.000002 0.000567 0.002135 0.003472 0.004603 0.005571 0.006410 0.007143 0.007789 0.008363 0.008876 0.009337 0.009753 0.010132 0.010477 0.010793 0.011083 0.011350 0.011598 0.011827 0.012040 0.012238 0.012424 0.012597 0.012760 0.012913 0.013057 0.013192 0.013320 0.013441 0.013556 0.013665 0.013768 0.013866 0.013959 0.014047 0.014132 0.014213 0.014290 0.014363 0.014434 0.014501 
0.000000 0.000000 0.000000 0.000000 0.000000 0.000000 0.000000 0.000000 0.000000 0.000001 0.002354 0.073769 0.146144 0.204243 0.254269 0.297696 0.335711 0.369248 0.399046 0.425689 0.449649 0.471307 0.490976 0.508916 0.525341 0.540434 0.554348 0.567215 0.579145 0.590237 0.600573 0.610227 0.619263 0.627737 0.635699 0.643193 0.650257 0.656927 0.663233 0.669204 0.674865 0.680239 0.685345 0.690204 0.694831 0.699242 0.703452 0.707473 0.711316 0.714994 0.718516 
0.000000 0.000000 0.000000 0.000000 0.000000 0.000000 0.000000 0.000000 0.000000 0.000001 0.001342 0.076030 0.146758 0.204748 0.254678 0.298031 0.335990 0.369486 0.399251 0.425868 0.449807 0.471449 0.491104 0.509032 0.525447 0.540532 0.554439 0.567298 0.579223 0.590309 0.600641 0.610291 0.619324 0.627794 0.635753 0.643244 0.650306 0.656973 0.663277 0.669246 0.674905 0.680277 0.685382 0.690239 0.694865 0.699275 0.703483 0.707503 0.711345 0.715022 0.718543 
0.000000 0.000000 0.000000 0.000000 0.000000 0.000000 0.000000 0.000000 0.000000 0.000000 0.000964 0.076468 0.147078 0.205069 0.254965 0.298282 0.336209 0.369678 0.399421 0.426021 0.449945 0.471573 0.491217 0.509136 0.525543 0.540620 0.554521 0.567375 0.579295 0.590377 0.600704 0.610351 0.619380 0.627848 0.635804 0.643292 0.650352 0.657017 0.663319 0.669286 0.674944 0.680314 0.685417 0.690273 0.694897 0.699306 0.703513 0.707531 0.711373 0.715049 0.718568 
0.000000 0.000000 0.000000 0.000000 0.000000 0.000000 0.000000 0.000000 0.000000 0.000000 0.000849 0.076555 0.147290 0.205307 0.255192 0.298489 0.336396 0.369846 0.399573 0.426158 0.450070 0.471687 0.491323 0.509233 0.525633 0.540705 0.554599 0.567449 0.579364 0.590442 0.600766 0.610409 0.619435 0.627900 0.635853 0.643339 0.650396 0.657060 0.663360 0.669325 0.674981 0.680350 0.685452 0.690306 0.694929 0.699336 0.703542 0.707560 0.711400 0.715075 0.718594 
0.000000 0.000000 0.000000 0.000000 0.000000 0.000000 0.000000 0.000000 0.000000 0.000000 0.000806 0.076589 0.147459 0.205508 0.255390 0.298673 0.336565 0.370001 0.399715 0.426288 0.450189 0.471798 0.491425 0.509328 0.525722 0.540787 0.554677 0.567521 0.579432 0.590506 0.600827 0.610467 0.619490 0.627952 0.635903 0.643387 0.650442 0.657103 0.663401 0.669365 0.675019 0.680386 0.685487 0.690339 0.694961 0.699367 0.703572 0.707589 0.711428 0.715102 0.718620 
0.000000 0.000000 0.000000 0.000000 0.000000 0.000000 0.000000 0.000000 0.000000 0.000000 0.000791 0.076647 0.147616 0.205693 0.255574 0.298848 0.336728 0.370152 0.399853 0.426416 0.450308 0.471908 0.491527 0.509424 0.525811 0.540871 0.554756 0.567596 0.579502 0.590572 0.600890 0.610526 0.619546 0.628006 0.635954 0.643436 0.650488 0.657147 0.663444 0.669406 0.675058 0.680424 0.685523 0.690374 0.694994 0.699400 0.703603 0.707618 0.711457 0.715130 0.718646 
0.000000 0.000000 0.000000 0.000000 0.000000 0.000000 0.000000 0.000000 0.000000 0.000000 0.000789 0.076745 0.147775 0.205875 0.255756 0.299021 0.336890 0.370302 0.399993 0.426546 0.450429 0.472021 0.491633 0.509522 0.525904 0.540958 0.554837 0.567673 0.579575 0.590642 0.600955 0.610589 0.619606 0.628062 0.636008 0.643487 0.650537 0.657194 0.663489 0.669449 0.675100 0.680463 0.685561 0.690411 0.695030 0.699433 0.703636 0.707650 0.711487 0.715159 0.718675 
0.000000 0.000000 0.000000 0.000000 0.000000 0.000000 0.000000 0.000000 0.000000 0.000000 0.000795 0.076883 0.147942 0.206059 0.255939 0.299197 0.337055 0.370457 0.400137 0.426680 0.450554 0.472138 0.491742 0.509625 0.526000 0.541049 0.554924 0.567754 0.579652 0.590715 0.601025 0.610655 0.619669 0.628122 0.636066 0.643542 0.650590 0.657245 0.663537 0.669495 0.675144 0.680506 0.685602 0.690450 0.695067 0.699470 0.703671 0.707683 0.711520 0.715190 0.718705 
0.000000 0.000000 0.000000 0.000000 0.000000 0.000000 0.000000 0.000000 0.000000 0.000000 0.000806 0.077057 0.148121 0.206251 0.256129 0.299378 0.337226 0.370617 0.400287 0.426821 0.450685 0.472261 0.491858 0.509734 0.526103 0.541146 0.555015 0.567841 0.579735 0.590793 0.601099 0.610725 0.619736 0.628187 0.636127 0.643600 0.650646 0.657298 0.663589 0.669544 0.675191 0.680551 0.685645 0.690492 0.695108 0.699509 0.703708 0.707720 0.711554 0.715224 0.718737 
0.000000 0.000000 0.000000 0.000000 0.000000 0.000000 0.000000 0.000000 0.000000 0.000000 0.000821 0.077263 0.148314 0.206452 0.256326 0.299567 0.337404 0.370784 0.400444 0.426968 0.450824 0.472391 0.491980 0.509849 0.526212 0.541249 0.555113 0.567933 0.579822 0.590876 0.601178 0.610801 0.619808 0.628256 0.636193 0.643664 0.650707 0.657356 0.663644 0.669598 0.675242 0.680601 0.685693 0.690537 0.695152 0.699551 0.703749 0.707759 0.711592 0.715260 0.718772 
0.000000 0.000000 0.000000 0.000000 0.000000 0.000000 0.000000 0.000000 0.000000 0.000000 0.000840 0.077499 0.148521 0.206664 0.256533 0.299764 0.337592 0.370961 0.400610 0.427124 0.450970 0.472529 0.492110 0.509972 0.526328 0.541359 0.555217 0.568032 0.579917 0.590966 0.601264 0.610883 0.619886 0.628330 0.636264 0.643732 0.650772 0.657419 0.663704 0.669656 0.675298 0.680654 0.685744 0.690587 0.695199 0.699597 0.703793 0.707801 0.711633 0.715299 0.718810 
0.000000 0.000000 0.000000 0.000000 0.000000 0.000000 0.000000 0.000000 0.000000 0.000000 0.000862 0.077760 0.148742 0.206888 0.256750 0.299972 0.337788 0.371147 0.400785 0.427289 0.451126 0.472676 0.492249 0.510103 0.526452 0.541477 0.555329 0.568139 0.580018 0.591063 0.601356 0.610971 0.619970 0.628411 0.636341 0.643806 0.650843 0.657487 0.663769 0.669718 0.675358 0.680712 0.685800 0.690640 0.695251 0.699646 0.703841 0.707847 0.711677 0.715342 0.718851 
0.000000 0.000000 0.000000 0.000000 0.000000 0.000000 0.000000 0.000000 0.000000 0.000000 0.000887 0.078046 0.148979 0.207124 0.256979 0.300191 0.337996 0.371342 0.400970 0.427464 0.451291 0.472832 0.492397 0.510243 0.526585 0.541603 0.555449 0.568253 0.580127 0.591166 0.601455 0.611065 0.620061 0.628497 0.636424 0.643885 0.650919 0.657560 0.663840 0.669786 0.675423 0.680774 0.685860 0.690698 0.695307 0.699700 0.703893 0.707897 0.711726 0.715389 0.718896 
0.000000 0.000000 0.000000 0.000000 0.000000 0.000000 0.000000 0.000000 0.000000 0.000000 0.000914 0.078354 0.149231 0.207373 0.257220 0.300421 0.338214 0.371549 0.401166 0.427648 0.451466 0.472997 0.492554 0.510392 0.526726 0.541737 0.555577 0.568375 0.580243 0.591277 0.601561 0.611167 0.620158 0.628590 0.636513 0.643971 0.651001 0.657639 0.663916 0.669859 0.675493 0.680842 0.685925 0.690761 0.695367 0.699758 0.703949 0.707951 0.711778 0.715439 0.718945 
0.000000 0.000000 0.000000 0.000000 0.000000 0.000000 0.000000 0.000000 0.000000 0.000000 0.000945 0.078685 0.149499 0.207636 0.257473 0.300663 0.338444 0.371767 0.401372 0.427844 0.451651 0.473173 0.492720 0.510550 0.526877 0.541880 0.555713 0.568505 0.580367 0.591396 0.601675 0.611275 0.620262 0.628690 0.636609 0.644063 0.651089 0.657724 0.663997 0.669937 0.675569 0.680914 0.685995 0.690828 0.695432 0.699821 0.704009 0.708010 0.711834 0.715493 0.718997 
0.000000 0.000000 0.000000 0.000000 0.000000 0.000000 0.000000 0.000000 0.000000 0.000000 0.000979 0.079036 0.149783 0.207913 0.257740 0.300917 0.338686 0.371997 0.401590 0.428050 0.451847 0.473359 0.492897 0.510718 0.527037 0.542033 0.555858 0.568644 0.580500 0.591523 0.601796 0.611392 0.620373 0.628797 0.636712 0.644161 0.651184 0.657815 0.664085 0.670021 0.675650 0.680993 0.686070 0.690901 0.695502 0.699888 0.704074 0.708073 0.711895 0.715552 0.719054 
0.000000 0.000000 0.000000 0.000000 0.000000 0.000000 0.000000 0.000000 0.000000 0.000000 0.001016 0.079408 0.150083 0.208205 0.258020 0.301185 0.338940 0.372238 0.401819 0.428268 0.452053 0.473555 0.493084 0.510896 0.527206 0.542194 0.556013 0.568791 0.580641 0.591658 0.601925 0.611516 0.620492 0.628911 0.636821 0.644266 0.651285 0.657912 0.664179 0.670112 0.675737 0.681076 0.686151 0.690979 0.695577 0.699961 0.704144 0.708140 0.711960 0.715615 0.719115 
0.000000 0.000000 0.000000 0.000000 0.000000 0.000000 0.000000 0.000000 0.000000 0.000000 0.001056 0.079800 0.150400 0.208512 0.258315 0.301466 0.339208 0.372493 0.402061 0.428497 0.452272 0.473763 0.493281 0.511084 0.527386 0.542366 0.556177 0.568948 0.580791 0.591801 0.602063 0.611647 0.620619 0.629033 0.636938 0.644379 0.651393 0.658016 0.664279 0.670208 0.675830 0.681166 0.686237 0.691062 0.695657 0.700038 0.704219 0.708212 0.712030 0.715683 0.719180 
0.000000 0.000000 0.000000 0.000000 0.000000 0.000000 0.000000 0.000000 0.000000 0.000000 0.001101 0.080213 0.150735 0.208835 0.258624 0.301761 0.339489 0.372760 0.402315 0.428739 0.452501 0.473981 0.493490 0.511283 0.527576 0.542547 0.556350 0.569114 0.580949 0.591953 0.602209 0.611787 0.620753 0.629162 0.637062 0.644498 0.651508 0.658127 0.664385 0.670311 0.675929 0.681262 0.686329 0.691151 0.695743 0.700121 0.704299 0.708290 0.712105 0.715755 0.719250 
0.000000 0.000000 0.000000 0.000000 0.000000 0.000000 0.000000 0.000000 0.000000 0.000000 0.001149 0.080648 0.151087 0.209175 0.258949 0.302071 0.339784 0.373040 0.402582 0.428993 0.452743 0.474212 0.493709 0.511493 0.527776 0.542738 0.556533 0.569289 0.581117 0.592114 0.602363 0.611936 0.620896 0.629299 0.637194 0.644625 0.651630 0.658244 0.664498 0.670420 0.676034 0.681363 0.686427 0.691246 0.695835 0.700210 0.704384 0.708372 0.712184 0.715832 0.719324 
0.000000 0.000000 0.000000 0.000000 0.000000 0.000000 0.000000 0.000000 0.000000 0.000000 0.001202 0.081104 0.151459 0.209532 0.259291 0.302396 0.340094 0.373335 0.402862 0.429260 0.452997 0.474454 0.493940 0.511713 0.527987 0.542940 0.556726 0.569474 0.581295 0.592284 0.602526 0.612093 0.621046 0.629444 0.637333 0.644759 0.651760 0.658369 0.664619 0.670536 0.676146 0.681471 0.686531 0.691346 0.695932 0.700303 0.704475 0.708460 0.712269 0.715913 0.719403 
0.000000 0.000000 0.000000 0.000000 0.000000 0.000000 0.000000 0.000000 0.000000 0.000000 0.001260 0.081582 0.151850 0.209907 0.259649 0.302737 0.340418 0.373644 0.403156 0.429540 0.453264 0.474708 0.494183 0.511945 0.528208 0.543152 0.556929 0.569668 0.581481 0.592464 0.602698 0.612258 0.621205 0.629597 0.637481 0.644901 0.651896 0.658501 0.664745 0.670658 0.676264 0.681585 0.686642 0.691452 0.696034 0.700403 0.704571 0.708552 0.712359 0.716000 0.719487 
0.000000 0.000000 0.000000 0.000000 0.000000 0.000000 0.000000 0.000000 0.000000 0.000000 0.001324 0.082084 0.152262 0.210301 0.260025 0.303095 0.340759 0.373968 0.403464 0.429834 0.453544 0.474976 0.494438 0.512189 0.528442 0.543375 0.557143 0.569873 0.581678 0.592652 0.602880 0.612432 0.621373 0.629758 0.637636 0.645050 0.652040 0.658640 0.664879 0.670787 0.676389 0.681705 0.686758 0.691565 0.696143 0.700507 0.704672 0.708650 0.712453 0.716092 0.719576 
0.000000 0.000000 0.000000 0.000000 0.000000 0.000000 0.000000 0.000000 0.000000 0.000000 0.001394 0.082610 0.152696 0.210715 0.260419 0.303471 0.341116 0.374308 0.403788 0.430142 0.453838 0.475256 0.494706 0.512445 0.528686 0.543610 0.557367 0.570089 0.581885 0.592851 0.603070 0.612615 0.621549 0.629928 0.637799 0.645208 0.652192 0.658786 0.665021 0.670924 0.676520 0.681832 0.686881 0.691683 0.696257 0.700618 0.704779 0.708754 0.712554 0.716189 0.719670 
0.000000 0.000000 0.000000 0.000000 0.000000 0.000000 0.000000 0.000000 0.000000 0.000001 0.001471 0.083161 0.153153 0.211150 0.260833 0.303864 0.341490 0.374664 0.404127 0.430465 0.454146 0.475550 0.494987 0.512713 0.528943 0.543855 0.557603 0.570314 0.582101 0.593059 0.603270 0.612808 0.621734 0.630106 0.637971 0.645373 0.652351 0.658940 0.665169 0.671067 0.676658 0.681966 0.687010 0.691808 0.696378 0.700735 0.704892 0.708863 0.712659 0.716291 0.719769 
0.000000 0.000000 0.000000 0.000000 0.000000 0.000000 0.000000 0.000000 0.000000 0.000001 0.001557 0.083740 0.153634 0.211608 0.261268 0.304277 0.341883 0.375037 0.404482 0.430803 0.454468 0.475857 0.495280 0.512994 0.529212 0.544113 0.557850 0.570551 0.582328 0.593277 0.603480 0.613009 0.621928 0.630293 0.638151 0.645547 0.652519 0.659101 0.665325 0.671217 0.676803 0.682106 0.687145 0.691939 0.696505 0.700857 0.705011 0.708978 0.712770 0.716398 0.719873 
0.000000 0.000000 0.000000 0.000000 0.000000 0.000000 0.000000 0.000000 0.000000 0.000001 0.001652 0.084346 0.154141 0.212089 0.261725 0.304711 0.342294 0.375428 0.404854 0.431157 0.454806 0.476179 0.495588 0.513288 0.529493 0.544382 0.558108 0.570799 0.582566 0.593506 0.603700 0.613221 0.622132 0.630488 0.638339 0.645728 0.652694 0.659270 0.665488 0.671375 0.676956 0.682253 0.687287 0.692076 0.696637 0.700986 0.705135 0.709098 0.712886 0.716511 0.719982 
0.000000 0.000000 0.000000 0.000000 0.000000 0.000000 0.000000 0.000000 0.000000 0.000001 0.001757 0.084983 0.154676 0.212596 0.262204 0.305165 0.342725 0.375838 0.405243 0.431528 0.455159 0.476516 0.495910 0.513596 0.529787 0.544664 0.558378 0.571058 0.582815 0.593745 0.603929 0.613442 0.622344 0.630693 0.638537 0.645919 0.652877 0.659447 0.665659 0.671540 0.677115 0.682407 0.687436 0.692220 0.696776 0.701120 0.705265 0.709224 0.713008 0.716629 0.720096 
0.000000 0.000000 0.000000 0.000000 0.000000 0.000000 0.000000 0.000000 0.000000 0.000001 0.001875 0.085652 0.155240 0.213129 0.262709 0.305643 0.343178 0.376267 0.405651 0.431916 0.455529 0.476869 0.496247 0.513917 0.530095 0.544959 0.558660 0.571329 0.583075 0.593994 0.604169 0.613673 0.622567 0.630907 0.638743 0.646117 0.653069 0.659632 0.665837 0.671712 0.677281 0.682568 0.687591 0.692370 0.696922 0.701261 0.705401 0.709355 0.713136 0.716752 0.720215 
0.000000 0.000000 0.000000 0.000000 0.000000 0.000000 0.000000 0.000000 0.000000 0.000001 0.002007 0.086356 0.155836 0.213690 0.263239 0.306144 0.343653 0.376717 0.406079 0.432322 0.455916 0.477238 0.496598 0.514254 0.530417 0.545267 0.558955 0.571612 0.583347 0.594255 0.604420 0.613914 0.622799 0.631130 0.638958 0.646325 0.653269 0.659825 0.666023 0.671892 0.677455 0.682736 0.687753 0.692527 0.697073 0.701407 0.705543 0.709493 0.713269 0.716881 0.720340 
0.000000 0.000000 0.000000 0.000000 0.000000 0.000000 0.000000 0.000000 0.000000 0.000001 0.002156 0.087096 0.156465 0.214282 0.263797 0.306671 0.344151 0.377189 0.406526 0.432748 0.456320 0.477623 0.496966 0.514605 0.530753 0.545588 0.559263 0.571907 0.583630 0.594527 0.604681 0.614165 0.623040 0.631363 0.639182 0.646541 0.653477 0.660026 0.666217 0.672079 0.677636 0.682911 0.687923 0.692691 0.697232 0.701560 0.705691 0.709636 0.713407 0.717015 0.720470 
0.000000 0.000000 0.000000 0.000000 0.000000 0.000000 0.000000 0.000000 0.000000 0.000001 0.002324 0.087875 0.157130 0.214907 0.264384 0.307225 0.344674 0.377684 0.406995 0.433193 0.456744 0.478027 0.497351 0.514972 0.531103 0.545924 0.559585 0.572215 0.583925 0.594811 0.604954 0.614427 0.623293 0.631606 0.639416 0.646766 0.653695 0.660236 0.666420 0.672274 0.677825 0.683093 0.688099 0.692861 0.697396 0.701720 0.705845 0.709785 0.713552 0.717155 0.720605 
0.000000 0.000000 0.000000 0.000000 0.000000 0.000000 0.000000 0.000000 0.000000 0.000001 0.002514 0.088697 0.157834 0.215566 0.265003 0.307807 0.345223 0.378203 0.407487 0.433659 0.457187 0.478448 0.497752 0.515355 0.531469 0.546274 0.559920 0.572536 0.584233 0.595106 0.605238 0.614700 0.623555 0.631859 0.639660 0.647001 0.653921 0.660454 0.666630 0.672478 0.678021 0.683282 0.688282 0.693038 0.697567 0.701885 0.706005 0.709940 0.713702 0.717300 0.720746 
0.000000 0.000000 0.000000 0.000000 0.000000 0.000000 0.000000 0.000000 0.000000 0.000001 0.002731 0.089565 0.158580 0.216262 0.265655 0.308420 0.345800 0.378748 0.408002 0.434147 0.457650 0.478889 0.498172 0.515755 0.531851 0.546639 0.560269 0.572871 0.584554 0.595414 0.605533 0.614984 0.623828 0.632121 0.639913 0.647244 0.654156 0.660680 0.666849 0.672689 0.678225 0.683479 0.688472 0.693222 0.697745 0.702057 0.706172 0.710101 0.713857 0.717451 0.720892 
0.000000 0.000000 0.000000 0.000000 0.000000 0.000000 0.000000 0.000000 0.000000 0.000001 0.002980 0.090482 0.159371 0.216999 0.266344 0.309065 0.346407 0.379319 0.408542 0.434659 0.458135 0.479349 0.498610 0.516173 0.532250 0.547019 0.560633 0.573219 0.584888 0.595734 0.605841 0.615279 0.624112 0.632395 0.640175 0.647498 0.654400 0.660915 0.667076 0.672908 0.678436 0.683683 0.688669 0.693413 0.697930 0.702235 0.706344 0.710268 0.714019 0.717607 0.721043 
0.000000 0.000000 0.000000 0.000000 0.000000 0.000000 0.000000 0.000000 0.000000 0.000001 0.003267 0.091453 0.160210 0.217778 0.267070 0.309745 0.347045 0.379920 0.409109 0.435194 0.458643 0.479831 0.499068 0.516609 0.532665 0.547416 0.561012 0.573582 0.585235 0.596067 0.606160 0.615586 0.624407 0.632678 0.640449 0.647761 0.654653 0.661160 0.667311 0.673135 0.678655 0.683895 0.688874 0.693610 0.698121 0.702420 0.706523 0.710441 0.714186 0.717769 0.721200 
0.000000 0.000000 0.000000 0.000000 0.000000 0.000000 0.000000 0.000000 0.000000 0.000001 0.003599 0.092482 0.161102 0.218604 0.267838 0.310462 0.347717 0.380551 0.409703 0.435756 0.459174 0.480335 0.499546 0.517064 0.533099 0.547830 0.561407 0.573960 0.585597 0.596414 0.606493 0.615905 0.624713 0.632973 0.640732 0.648033 0.654916 0.661413 0.667555 0.673370 0.678883 0.684114 0.689086 0.693815 0.698319 0.702612 0.706708 0.710620 0.714360 0.717937 0.721362 
0.000000 0.000000 0.000000 0.000000 0.000000 0.000000 0.000000 0.000000 0.000000 0.000001 0.003987 0.093574 0.162050 0.219480 0.268651 0.311219 0.348424 0.381215 0.410327 0.436344 0.459730 0.480861 0.500046 0.517539 0.533551 0.548261 0.561819 0.574353 0.585973 0.596774 0.606838 0.616236 0.625032 0.633279 0.641026 0.648316 0.655188 0.661675 0.667808 0.673614 0.679118 0.684342 0.689305 0.694027 0.698523 0.702810 0.706899 0.710805 0.714539 0.718110 0.721530 
0.000000 0.000000 0.000000 0.000000 0.000000 0.000000 0.000000 0.000000 0.000000 0.000002 0.004442 0.094736 0.163061 0.220410 0.269511 0.312018 0.349170 0.381913 0.410983 0.436961 0.460312 0.481412 0.500568 0.518034 0.534022 0.548710 0.562247 0.574762 0.586364 0.597148 0.607197 0.616580 0.625362 0.633595 0.641330 0.648609 0.655470 0.661947 0.668070 0.673866 0.679361 0.684576 0.689532 0.694246 0.698735 0.703014 0.707097 0.710996 0.714723 0.718289 0.721703 
0.000000 0.000000 0.000000 0.000000 0.000000 0.000000 0.000000 0.000000 0.000000 0.000002 0.004978 0.095973 0.164138 0.221398 0.270423 0.312863 0.349956 0.382648 0.411672 0.437609 0.460923 0.481989 0.501114 0.518552 0.534514 0.549178 0.562693 0.575187 0.586770 0.597537 0.607569 0.616937 0.625704 0.633924 0.641646 0.648913 0.655762 0.662228 0.668341 0.674127 0.679613 0.684819 0.689766 0.694472 0.698953 0.703225 0.707301 0.711193 0.714914 0.718474 0.721882 
0.000000 0.000000 0.000000 0.000000 0.000000 0.000000 0.000000 0.000000 0.000000 0.000002 0.005616 0.097293 0.165289 0.222450 0.271390 0.313758 0.350787 0.383422 0.412396 0.438288 0.461562 0.482592 0.501684 0.519092 0.535027 0.549665 0.563157 0.575630 0.587193 0.597941 0.607955 0.617307 0.626058 0.634264 0.641973 0.649227 0.656064 0.662518 0.668620 0.674397 0.679873 0.685070 0.690008 0.694705 0.699179 0.703443 0.707511 0.711397 0.715111 0.718664 0.722066 
0.000000 0.000000 0.000000 0.000000 0.000000 0.000000 0.000000 0.000000 0.000000 0.000002 0.006379 0.098704 0.166520 0.223571 0.272417 0.314704 0.351664 0.384237 0.413157 0.439002 0.462232 0.483223 0.502280 0.519656 0.535562 0.550173 0.563640 0.576090 0.587632 0.598360 0.608356 0.617690 0.626426 0.634617 0.642311 0.649552 0.656376 0.662819 0.668909 0.674675 0.680141 0.685328 0.690257 0.694946 0.699411 0.703667 0.707728 0.711606 0.715313 0.718860 0.722255 
0.000000 0.000000 0.000000 0.000000 0.000000 0.000000 0.000000 0.000000 0.000000 0.000003 0.007296 0.100216 0.167839 0.224766 0.273510 0.315708 0.352591 0.385098 0.413959 0.439751 0.462935 0.483884 0.502904 0.520245 0.536119 0.550702 0.564142 0.576568 0.588088 0.598795 0.608772 0.618088 0.626807 0.634982 0.642661 0.649888 0.656699 0.663129 0.669208 0.674963 0.680418 0.685595 0.690514 0.695194 0.699650 0.703898 0.707951 0.711822 0.715521 0.719061 0.722450 
0.000000 0.000000 0.000000 0.000000 0.000000 0.000000 0.000000 0.000000 0.000000 0.000003 0.008407 0.101838 0.169253 0.226044 0.274672 0.316773 0.353572 0.386006 0.414803 0.440539 0.463673 0.484577 0.503555 0.520860 0.536701 0.551253 0.564666 0.577065 0.588561 0.599246 0.609202 0.618500 0.627201 0.635359 0.643023 0.650235 0.657032 0.663449 0.669516 0.675259 0.680703 0.685870 0.690779 0.695449 0.699896 0.704135 0.708180 0.712043 0.715735 0.719268 0.722649 
0.000000 0.000000 0.000000 0.000000 0.000000 0.000000 0.000000 0.000000 0.000000 0.000004 0.009758 0.103582 0.170772 0.227410 0.275911 0.317905 0.354611 0.386965 0.415693 0.441367 0.464447 0.485302 0.504237 0.521503 0.537308 0.551827 0.565210 0.577582 0.589053 0.599715 0.609649 0.618927 0.627608 0.635749 0.643397 0.650593 0.657376 0.663779 0.669833 0.675564 0.680996 0.686152 0.691051 0.695712 0.700149 0.704380 0.708416 0.712270 0.715955 0.719480 0.722854 
0.000000 0.000000 0.000000 0.000000 0.000000 0.000000 0.000000 0.000000 0.000000 0.000005 0.011410 0.105463 0.172407 0.228874 0.277233 0.319107 0.355713 0.387980 0.416631 0.442239 0.465260 0.486063 0.504951 0.522174 0.537941 0.552425 0.565776 0.578120 0.589563 0.600201 0.610112 0.619368 0.628030 0.636153 0.643783 0.650963 0.657731 0.664120 0.670160 0.675878 0.681299 0.686443 0.691331 0.695981 0.700409 0.704630 0.708658 0.712504 0.716180 0.719697 0.723065 
0.000000 0.000000 0.000000 0.000000 0.000000 0.000000 0.000000 0.000000 0.000000 0.000006 0.013433 0.107494 0.174169 0.230444 0.278645 0.320388 0.356881 0.389053 0.417621 0.443157 0.466113 0.486860 0.505698 0.522875 0.538601 0.553049 0.566366 0.578678 0.590094 0.600705 0.610592 0.619825 0.628467 0.636570 0.644182 0.651345 0.658097 0.664471 0.670497 0.676202 0.681610 0.686742 0.691619 0.696259 0.700676 0.704888 0.708906 0.712743 0.716411 0.719920 0.723280 
0.000000 0.000000 0.000000 0.000000 0.000000 0.000000 0.000000 0.000000 0.000000 0.000008 0.015911 0.109692 0.176071 0.232130 0.280156 0.321752 0.358122 0.390188 0.418667 0.444123 0.467011 0.487696 0.506479 0.523608 0.539290 0.553698 0.566979 0.579259 0.590644 0.601227 0.611089 0.620299 0.628918 0.637000 0.644593 0.651739 0.658474 0.664832 0.670844 0.676535 0.681929 0.687050 0.691915 0.696543 0.700950 0.705152 0.709160 0.712988 0.716648 0.720149 0.723500 
0.000000 0.000000 0.000000 0.000000 0.000000 0.000000 0.000000 0.000000 0.000000 0.000010 0.018936 0.112078 0.178128 0.233945 0.281773 0.323207 0.359441 0.391392 0.419771 0.445142 0.467954 0.488573 0.507298 0.524375 0.540009 0.554375 0.567617 0.579862 0.591215 0.601769 0.611603 0.620788 0.629384 0.637445 0.645018 0.652145 0.658862 0.665204 0.671200 0.676877 0.682258 0.687365 0.692218 0.696835 0.701231 0.705422 0.709421 0.713239 0.716890 0.720382 0.723726 
0.000000 0.000000 0.000000 0.000000 0.000000 0.000000 0.000000 0.000000 0.000000 0.000013 0.022600 0.114673 0.180356 0.235899 0.283508 0.324761 0.360845 0.392668 0.420939 0.446216 0.468947 0.489494 0.508155 0.525176 0.540760 0.555080 0.568281 0.580488 0.591807 0.602330 0.612136 0.621294 0.629866 0.637904 0.645456 0.652563 0.659262 0.665587 0.671567 0.677228 0.682595 0.687689 0.692529 0.697134 0.701518 0.705698 0.709687 0.713496 0.717137 0.720620 0.723955 



la=0.000000
0.000000 0.000000 0.000000 0.000000 0.000000 0.000000 0.000000 0.000000 0.000000 0.000002 0.000567 0.002135 0.003472 0.004603 0.005571 0.006410 0.007143 0.007789 0.008363 0.008876 0.009337 0.009753 0.010132 0.010477 0.010793 0.011083 0.011350 0.011598 0.011827 0.012040 0.012238 0.012424 0.012597 0.012760 0.012913 0.013057 0.013192 0.013320 0.013441 0.013556 0.013665 0.013768 0.013866 0.013959 0.014047 0.014132 0.014213 0.014290 0.014363 0.014434 0.014501 
0.000000 0.000000 0.000000 0.000000 0.000000 0.000000 0.000000 0.000000 0.000000 0.000005 0.005739 0.077723 0.146324 0.204279 0.254271 0.297688 0.335700 0.369237 0.399035 0.425679 0.449640 0.471299 0.490969 0.508909 0.525335 0.540429 0.554344 0.567210 0.579141 0.590233 0.600569 0.610224 0.619260 0.627735 0.635697 0.643190 0.650255 0.656925 0.663231 0.669203 0.674864 0.680237 0.685344 0.690202 0.694830 0.699241 0.703451 0.707471 0.711315 0.714993 0.718515 
0.000000 0.000000 0.000000 0.000000 0.000000 0.000000 0.000000 0.000000 0.000000 0.000002 0.004306 0.079424 0.147162 0.204895 0.254736 0.298053 0.335996 0.369484 0.399245 0.425861 0.449799 0.471440 0.491096 0.509024 0.525440 0.540525 0.554432 0.567292 0.579217 0.590304 0.600636 0.610286 0.619319 0.627790 0.635749 0.643240 0.650302 0.656970 0.663274 0.669243 0.674903 0.680274 0.685380 0.690237 0.694862 0.699272 0.703481 0.707501 0.711343 0.715020 0.718541 
0.000000 0.000000 0.000000 0.000000 0.000000 0.000000 0.000000 0.000000 0.000000 0.000001 0.003134 0.079883 0.147657 0.205322 0.255088 0.298345 0.336242 0.369694 0.399428 0.426022 0.449942 0.471569 0.491212 0.509130 0.525537 0.540614 0.554515 0.567369 0.579289 0.590371 0.600699 0.610346 0.619375 0.627843 0.635799 0.643288 0.650347 0.657013 0.663315 0.669283 0.674940 0.680310 0.685414 0.690270 0.694894 0.699303 0.703510 0.707529 0.711371 0.715046 0.718566 
0.000000 0.000000 0.000000 0.000000 0.000000 0.000000 0.000000 0.000000 0.000000 0.000001 0.002551 0.080042 0.148009 0.205660 0.255383 0.298598 0.336461 0.369886 0.399597 0.426172 0.450077 0.471691 0.491323 0.509232 0.525631 0.540701 0.554596 0.567444 0.579359 0.590437 0.600761 0.610404 0.619430 0.627896 0.635849 0.643335 0.650392 0.657056 0.663356 0.669322 0.674978 0.680346 0.685448 0.690303 0.694926 0.699333 0.703540 0.707557 0.711398 0.715073 0.718591 
0.000000 0.000000 0.000000 0.000000 0.000000 0.000000 0.000000 0.000000 0.000000 0.000001 0.002266 0.080129 0.148300 0.205954 0.255648 0.298833 0.336668 0.370069 0.399760 0.426319 0.450210 0.471812 0.491434 0.509334 0.525725 0.540789 0.554677 0.567520 0.579431 0.590504 0.600824 0.610464 0.619487 0.627949 0.635900 0.643383 0.650438 0.657099 0.663398 0.669362 0.675016 0.680383 0.685484 0.690336 0.694958 0.699365 0.703569 0.707586 0.711426 0.715099 0.718617 
0.000000 0.000000 0.000000 0.000000 0.000000 0.000000 0.000000 0.000000 0.000000 0.000001 0.002117 0.080221 0.148566 0.206230 0.255903 0.299061 0.336871 0.370251 0.399924 0.426467 0.450345 0.471935 0.491548 0.509439 0.525822 0.540879 0.554761 0.567599 0.579505 0.590574 0.600890 0.610526 0.619546 0.628005 0.635953 0.643434 0.650486 0.657145 0.663442 0.669404 0.675056 0.680421 0.685520 0.690372 0.694992 0.699397 0.703601 0.707616 0.711455 0.715127 0.718644 
0.000000 0.000000 0.000000 0.000000 0.000000 0.000000 0.000000 0.000000 0.000000 0.000001 0.002037 0.080345 0.148829 0.206502 0.256156 0.299290 0.337078 0.370437 0.400092 0.426620 0.450485 0.472064 0.491666 0.509548 0.525924 0.540974 0.554850 0.567683 0.579583 0.590648 0.600960 0.610592 0.619608 0.628064 0.636009 0.643487 0.650537 0.657194 0.663488 0.669448 0.675098 0.680462 0.685559 0.690409 0.695028 0.699432 0.703634 0.707648 0.711485 0.715157 0.718673 
0.000000 0.000000 0.000000 0.000000 0.000000 0.000000 0.000000 0.000000 0.000000 0.000001 0.001998 0.080510 0.149099 0.206778 0.256414 0.299526 0.337291 0.370631 0.400269 0.426781 0.450633 0.472200 0.491792 0.509665 0.526033 0.541075 0.554945 0.567772 0.579667 0.590727 0.601034 0.610663 0.619675 0.628128 0.636070 0.643545 0.650592 0.657247 0.663538 0.669496 0.675144 0.680506 0.685601 0.690449 0.695067 0.699469 0.703670 0.707682 0.711518 0.715189 0.718703 
0.000000 0.000000 0.000000 0.000000 0.000000 0.000000 0.000000 0.000000 0.000000 0.000001 0.001986 0.080716 0.149381 0.207062 0.256681 0.299771 0.337514 0.370834 0.400454 0.426951 0.450789 0.472344 0.491926 0.509789 0.526149 0.541184 0.555047 0.567868 0.579757 0.590812 0.601115 0.610739 0.619748 0.628197 0.636135 0.643607 0.650652 0.657303 0.663593 0.669548 0.675194 0.680554 0.685647 0.690493 0.695109 0.699509 0.703709 0.707720 0.711554 0.715223 0.718737 
0.000000 0.000000 0.000000 0.000000 0.000000 0.000000 0.000000 0.000000 0.000000 0.000001 0.001991 0.080960 0.149679 0.207359 0.256960 0.300027 0.337749 0.371049 0.400651 0.427132 0.450956 0.472499 0.492069 0.509923 0.526274 0.541301 0.555157 0.567971 0.579855 0.590904 0.601202 0.610822 0.619826 0.628271 0.636206 0.643675 0.650717 0.657365 0.663652 0.669604 0.675248 0.680605 0.685697 0.690541 0.695155 0.699553 0.703751 0.707760 0.711593 0.715261 0.718773 
0.000000 0.000000 0.000000 0.000000 0.000000 0.000000 0.000000 0.000000 0.000000 0.000001 0.002011 0.081240 0.149993 0.207669 0.257251 0.300296 0.337996 0.371275 0.400860 0.427325 0.451134 0.472664 0.492223 0.510067 0.526408 0.541427 0.555276 0.568083 0.579960 0.591004 0.601297 0.610911 0.619911 0.628352 0.636284 0.643749 0.650787 0.657432 0.663716 0.669666 0.675307 0.680662 0.685751 0.690593 0.695205 0.699601 0.703797 0.707805 0.711636 0.715302 0.718812 
0.000000 0.000000 0.000000 0.000000 0.000000 0.000000 0.000000 0.000000 0.000000 0.000001 0.002041 0.081553 0.150324 0.207994 0.257556 0.300579 0.338256 0.371515 0.401081 0.427530 0.451324 0.472841 0.492388 0.510221 0.526553 0.541563 0.555403 0.568203 0.580074 0.591112 0.601399 0.611009 0.620004 0.628440 0.636367 0.643829 0.650863 0.657505 0.663786 0.669733 0.675371 0.680723 0.685810 0.690650 0.695259 0.699653 0.703847 0.707853 0.711682 0.715347 0.718855 
0.000000 0.000000 0.000000 0.000000 0.000000 0.000000 0.000000 0.000000 0.000000 0.000001 0.002081 0.081895 0.150673 0.208333 0.257876 0.300875 0.338531 0.371769 0.401315 0.427747 0.451526 0.473029 0.492564 0.510386 0.526708 0.541709 0.555541 0.568333 0.580197 0.591228 0.601510 0.611114 0.620104 0.628535 0.636458 0.643916 0.650946 0.657584 0.663862 0.669805 0.675441 0.680790 0.685874 0.690711 0.695318 0.699710 0.703902 0.707906 0.711733 0.715395 0.718902 
0.000000 0.000000 0.000000 0.000000 0.000000 0.000000 0.000000 0.000000 0.000000 0.000001 0.002130 0.082265 0.151040 0.208688 0.258210 0.301186 0.338819 0.372036 0.401563 0.427977 0.451741 0.473230 0.492752 0.510562 0.526873 0.541865 0.555688 0.568473 0.580329 0.591353 0.601629 0.611227 0.620211 0.628638 0.636556 0.644009 0.651036 0.657670 0.663944 0.669884 0.675516 0.680862 0.685943 0.690778 0.695382 0.699772 0.703961 0.707963 0.711788 0.715448 0.718953 
0.000000 0.000000 0.000000 0.000000 0.000000 0.000000 0.000000 0.000000 0.000000 0.000001 0.002186 0.082661 0.151424 0.209059 0.258558 0.301511 0.339121 0.372317 0.401825 0.428221 0.451969 0.473443 0.492951 0.510750 0.527050 0.542032 0.555846 0.568622 0.580471 0.591488 0.601756 0.611348 0.620327 0.628749 0.636662 0.644110 0.651132 0.657763 0.664032 0.669969 0.675598 0.680941 0.686019 0.690850 0.695452 0.699839 0.704025 0.708024 0.711848 0.715506 0.719009 
0.000000 0.000000 0.000000 0.000000 0.000000 0.000000 0.000000 0.000000 0.000000 0.000001 0.002251 0.083080 0.151825 0.209444 0.258922 0.301851 0.339438 0.372612 0.402100 0.428478 0.452209 0.473668 0.493163 0.510949 0.527238 0.542209 0.556014 0.568781 0.580622 0.591631 0.601893 0.611479 0.620451 0.628867 0.636775 0.644218 0.651236 0.657862 0.664128 0.670060 0.675685 0.681025 0.686100 0.690928 0.695526 0.699911 0.704095 0.708091 0.711912 0.715568 0.719068 
0.000000 0.000000 0.000000 0.000000 0.000000 0.000000 0.000000 0.000000 0.000000 0.000001 0.002322 0.083523 0.152243 0.209846 0.259301 0.302205 0.339769 0.372921 0.402388 0.428748 0.452462 0.473906 0.493387 0.511160 0.527437 0.542397 0.556192 0.568950 0.580783 0.591784 0.602039 0.611617 0.620584 0.628994 0.636896 0.644334 0.651347 0.657968 0.664230 0.670158 0.675779 0.681115 0.686186 0.691011 0.695607 0.699988 0.704169 0.708163 0.711981 0.715634 0.719133 
0.000000 0.000000 0.000000 0.000000 0.000000 0.000000 0.000000 0.000000 0.000000 0.000001 0.002401 0.083987 0.152679 0.210263 0.259694 0.302574 0.340114 0.373243 0.402690 0.429031 0.452728 0.474156 0.493623 0.511382 0.527648 0.542597 0.556381 0.569130 0.580953 0.591947 0.602194 0.611765 0.620725 0.629129 0.637025 0.644458 0.651465 0.658082 0.664339 0.670263 0.675880 0.681212 0.686279 0.691101 0.695693 0.700071 0.704249 0.708240 0.712055 0.715706 0.719202 
0.000000 0.000000 0.000000 0.000000 0.000000 0.000000 0.000000 0.000000 0.000000 0.000001 0.002489 0.084473 0.153131 0.210695 0.260103 0.302958 0.340473 0.373580 0.403006 0.429328 0.453007 0.474419 0.493871 0.511617 0.527869 0.542807 0.556581 0.569320 0.581134 0.592119 0.602358 0.611922 0.620875 0.629272 0.637163 0.644590 0.651591 0.658203 0.664455 0.670374 0.675987 0.681315 0.686379 0.691196 0.695785 0.700160 0.704334 0.708322 0.712135 0.715782 0.719275 
0.000000 0.000000 0.000000 0.000000 0.000000 0.000000 0.000000 0.000000 0.000000 0.000001 0.002584 0.084979 0.153600 0.211144 0.260526 0.303356 0.340847 0.373931 0.403336 0.429638 0.453299 0.474694 0.494131 0.511863 0.528102 0.543028 0.556791 0.569520 0.581324 0.592301 0.602531 0.612088 0.621034 0.629424 0.637308 0.644729 0.651725 0.658331 0.664578 0.670493 0.676101 0.681424 0.686484 0.691298 0.695883 0.700254 0.704425 0.708410 0.712219 0.715864 0.719354 
0.000000 0.000000 0.000000 0.000000 0.000000 0.000000 0.000000 0.000000 0.000000 0.000001 0.002687 0.085505 0.154087 0.211608 0.260965 0.303769 0.341235 0.374296 0.403679 0.429961 0.453603 0.474982 0.494403 0.512120 0.528347 0.543260 0.557012 0.569730 0.581525 0.592492 0.602714 0.612262 0.621201 0.629584 0.637461 0.644876 0.651866 0.658467 0.664708 0.670618 0.676221 0.681541 0.686596 0.691405 0.695986 0.700354 0.704522 0.708503 0.712309 0.715950 0.719437 
0.000000 0.000000 0.000000 0.000000 0.000000 0.000000 0.000000 0.000000 0.000000 0.000001 0.002800 0.086051 0.154590 0.212087 0.261418 0.304196 0.341637 0.374674 0.404035 0.430297 0.453921 0.475282 0.494687 0.512390 0.528603 0.543503 0.557243 0.569950 0.581735 0.592693 0.602906 0.612446 0.621376 0.629753 0.637623 0.645031 0.652015 0.658610 0.664846 0.670750 0.676349 0.681663 0.686714 0.691519 0.696096 0.700459 0.704624 0.708601 0.712404 0.716042 0.719526 
0.000000 0.000000 0.000000 0.000000 0.000000 0.000000 0.000000 0.000000 0.000000 0.000001 0.002923 0.086617 0.155111 0.212583 0.261887 0.304638 0.342054 0.375066 0.404405 0.430646 0.454251 0.475594 0.494983 0.512671 0.528869 0.543757 0.557485 0.570181 0.581955 0.592903 0.603107 0.612639 0.621561 0.629929 0.637793 0.645194 0.652172 0.658760 0.664990 0.670890 0.676483 0.681792 0.686838 0.691639 0.696211 0.700571 0.704731 0.708705 0.712504 0.716139 0.719619 
0.000000 0.000000 0.000000 0.000000 0.000000 0.000000 0.000000 0.000000 0.000000 0.000001 0.003056 0.087203 0.155649 0.213095 0.262371 0.305095 0.342484 0.375472 0.404788 0.431008 0.454593 0.475918 0.495290 0.512963 0.529147 0.544022 0.557737 0.570422 0.582185 0.593123 0.603317 0.612840 0.621754 0.630115 0.637970 0.645365 0.652336 0.658918 0.665142 0.671036 0.676624 0.681928 0.686969 0.691765 0.696333 0.700688 0.704844 0.708814 0.712609 0.716241 0.719718 
0.000000 0.000000 0.000000 0.000000 0.000000 0.000000 0.000000 0.000000 0.000000 0.000001 0.003200 0.087808 0.156204 0.213623 0.262871 0.305567 0.342929 0.375892 0.405185 0.431383 0.454948 0.476255 0.495610 0.513267 0.529437 0.544297 0.558000 0.570672 0.582425 0.593352 0.603537 0.613050 0.621956 0.630308 0.638156 0.645543 0.652508 0.659083 0.665301 0.671189 0.676771 0.682070 0.687106 0.691897 0.696461 0.700811 0.704963 0.708929 0.712720 0.716348 0.719821 
0.000000 0.000000 0.000000 0.000000 0.000000 0.000000 0.000000 0.000000 0.000000 0.000001 0.003356 0.088434 0.156778 0.214168 0.263386 0.306053 0.343388 0.376326 0.405595 0.431771 0.455316 0.476604 0.495941 0.513582 0.529737 0.544583 0.558273 0.570933 0.582674 0.593591 0.603765 0.613269 0.622166 0.630510 0.638350 0.645730 0.652687 0.659256 0.665467 0.671349 0.676925 0.682218 0.687249 0.692035 0.696594 0.700940 0.705088 0.709049 0.712836 0.716460 0.719930 
0.000000 0.000000 0.000000 0.000000 0.000000 0.000000 0.000000 0.000000 0.000000 0.000001 0.003526 0.089080 0.157369 0.214729 0.263917 0.306555 0.343862 0.376774 0.406018 0.432172 0.455696 0.476965 0.496284 0.513908 0.530048 0.544880 0.558556 0.571204 0.582933 0.593839 0.604003 0.613497 0.622385 0.630720 0.638552 0.645924 0.652873 0.659435 0.665640 0.671516 0.677086 0.682373 0.687399 0.692180 0.696733 0.701075 0.705217 0.709175 0.712958 0.716577 0.720043 
0.000000 0.000000 0.000000 0.000000 0.000000 0.000000 0.000000 0.000000 0.000000 0.000001 0.003711 0.089746 0.157980 0.215308 0.264464 0.307072 0.344350 0.377235 0.406455 0.432586 0.456089 0.477338 0.496639 0.514246 0.530369 0.545187 0.558849 0.571484 0.583201 0.594096 0.604249 0.613734 0.622611 0.630938 0.638761 0.646125 0.653067 0.659622 0.665820 0.671689 0.677253 0.682535 0.687554 0.692330 0.696878 0.701215 0.705353 0.709306 0.713084 0.716700 0.720162 
0.000000 0.000000 0.000000 0.000000 0.000000 0.000000 0.000000 0.000000 0.000000 0.000001 0.003911 0.090433 0.158609 0.215904 0.265028 0.307604 0.344853 0.377711 0.406905 0.433013 0.456494 0.477722 0.497005 0.514594 0.530702 0.545504 0.559152 0.571774 0.583479 0.594362 0.604504 0.613978 0.622847 0.631164 0.638979 0.646334 0.653269 0.659816 0.666007 0.671869 0.677427 0.682702 0.687716 0.692486 0.697029 0.701360 0.705494 0.709442 0.713216 0.716827 0.720285 
0.000000 0.000000 0.000000 0.000000 0.000000 0.000000 0.000000 0.000000 0.000000 0.000002 0.004129 0.091142 0.159257 0.216518 0.265608 0.308152 0.345371 0.378201 0.407369 0.433452 0.456911 0.478119 0.497382 0.514954 0.531045 0.545832 0.559466 0.572074 0.583766 0.594637 0.604768 0.614232 0.623090 0.631398 0.639203 0.646551 0.653477 0.660017 0.666200 0.672056 0.677607 0.682876 0.687884 0.692648 0.697186 0.701512 0.705640 0.709583 0.713352 0.716959 0.720413 
0.000000 0.000000 0.000000 0.000000 0.000000 0.000000 0.000000 0.000000 0.000000 0.000002 0.004367 0.091872 0.159926 0.217150 0.266204 0.308715 0.345904 0.378704 0.407846 0.433905 0.457340 0.478527 0.497771 0.515325 0.531398 0.546170 0.559789 0.572383 0.584062 0.594920 0.605040 0.614493 0.623341 0.631639 0.639436 0.646774 0.653692 0.660224 0.666401 0.672249 0.677793 0.683056 0.688057 0.692816 0.697348 0.701668 0.705791 0.709729 0.713494 0.717096 0.720545 
0.000000 0.000000 0.000000 0.000000 0.000000 0.000000 0.000000 0.000000 0.000000 0.000002 0.004625 0.092625 0.160614 0.217800 0.266818 0.309295 0.346451 0.379222 0.408337 0.434370 0.457782 0.478948 0.498171 0.515706 0.531762 0.546517 0.560121 0.572701 0.584367 0.595213 0.605321 0.614763 0.623600 0.631888 0.639675 0.647005 0.653915 0.660438 0.666607 0.672448 0.677985 0.683241 0.688236 0.692989 0.697515 0.701830 0.705948 0.709881 0.713640 0.717238 0.720682 
0.000000 0.000000 0.000000 0.000000 0.000000 0.000000 0.000000 0.000000 0.000000 0.000002 0.004908 0.093401 0.161324 0.218470 0.267450 0.309891 0.347014 0.379755 0.408841 0.434848 0.458237 0.479380 0.498583 0.516098 0.532137 0.546875 0.560463 0.573029 0.584681 0.595514 0.605610 0.615040 0.623867 0.632145 0.639922 0.647243 0.654144 0.660659 0.666820 0.672653 0.678183 0.683433 0.688421 0.693168 0.697688 0.701997 0.706109 0.710037 0.713791 0.717384 0.720824 
0.000000 0.000000 0.000000 0.000000 0.000000 0.000000 0.000000 0.000000 0.000000 0.000002 0.005216 0.094201 0.162056 0.219159 0.268099 0.310503 0.347592 0.380302 0.409359 0.435339 0.458703 0.479823 0.499005 0.516501 0.532521 0.547243 0.560815 0.573365 0.585003 0.595823 0.605907 0.615325 0.624141 0.632408 0.640176 0.647487 0.654379 0.660886 0.667039 0.672865 0.678388 0.683630 0.688612 0.693352 0.697866 0.702169 0.706275 0.710198 0.713947 0.717535 0.720970 
0.000000 0.000000 0.000000 0.000000 0.000000 0.000000 0.000000 0.000000 0.000000 0.000002 0.005553 0.095026 0.162809 0.219868 0.268766 0.311132 0.348186 0.380863 0.409890 0.435843 0.459182 0.480279 0.499439 0.516914 0.532916 0.547620 0.561176 0.573711 0.585334 0.596141 0.606212 0.615618 0.624423 0.632679 0.640437 0.647738 0.654621 0.661120 0.667264 0.673082 0.678597 0.683832 0.688808 0.693541 0.698048 0.702346 0.706446 0.710363 0.714107 0.717690 0.721120 
0.000000 0.000000 0.000000 0.000000 0.000000 0.000000 0.000000 0.000000 0.000000 0.000002 0.005922 0.095876 0.163586 0.220597 0.269452 0.311778 0.348796 0.381439 0.410436 0.436360 0.459673 0.480745 0.499883 0.517338 0.533320 0.548006 0.561545 0.574065 0.585674 0.596467 0.606525 0.615919 0.624711 0.632957 0.640705 0.647996 0.654870 0.661359 0.667495 0.673305 0.678813 0.684040 0.689008 0.693735 0.698236 0.702527 0.706622 0.710533 0.714272 0.717849 0.721274 
0.000000 0.000000 0.000000 0.000000 0.000000 0.000000 0.000000 0.000000 0.000000 0.000002 0.006327 0.096752 0.164386 0.221348 0.270157 0.312442 0.349421 0.382030 0.410995 0.436890 0.460176 0.481224 0.500339 0.517772 0.533735 0.548402 0.561924 0.574428 0.586022 0.596800 0.606845 0.616226 0.625007 0.633242 0.640979 0.648260 0.655124 0.661605 0.667732 0.673533 0.679033 0.684253 0.689214 0.693934 0.698429 0.702713 0.706802 0.710707 0.714441 0.718012 0.721432 
0.000000 0.000000 0.000000 0.000000 0.000000 0.000000 0.000000 0.000000 0.000000 0.000003 0.006771 0.097655 0.165211 0.222120 0.270882 0.313123 0.350063 0.382636 0.411568 0.437433 0.460691 0.481714 0.500805 0.518217 0.534159 0.548808 0.562312 0.574799 0.586378 0.597142 0.607172 0.616541 0.625310 0.633533 0.641259 0.648530 0.655384 0.661856 0.667974 0.673767 0.679259 0.684471 0.689425 0.694138 0.698625 0.702904 0.706986 0.710886 0.714613 0.718179 0.721594 
0.000000 0.000000 0.000000 0.000000 0.000000 0.000000 0.000000 0.000000 0.000000 0.000003 0.007259 0.098587 0.166060 0.222914 0.271626 0.313822 0.350721 0.383257 0.412155 0.437989 0.461219 0.482215 0.501282 0.518672 0.534593 0.549222 0.562708 0.575178 0.586741 0.597490 0.607507 0.616863 0.625619 0.633831 0.641546 0.648806 0.655650 0.662112 0.668222 0.674006 0.679489 0.684694 0.689640 0.694346 0.698827 0.703099 0.707175 0.711068 0.714790 0.718350 0.721759 
0.000000 0.000000 0.000000 0.000000 0.000000 0.000000 0.000000 0.000000 0.000000 0.000003 0.007796 0.099548 0.166936 0.223732 0.272391 0.314540 0.351396 0.383893 0.412756 0.438558 0.461758 0.482727 0.501770 0.519136 0.535036 0.549646 0.563113 0.575566 0.587113 0.597847 0.607849 0.617191 0.625935 0.634135 0.641838 0.649088 0.655922 0.662374 0.668474 0.674250 0.679725 0.684922 0.689860 0.694558 0.699032 0.703297 0.707367 0.711254 0.714970 0.718525 0.721928 
0.000000 0.000000 0.000000 0.000000 0.000000 0.000000 0.000000 0.000000 0.000000 0.000003 0.008387 0.100540 0.167839 0.224573 0.273177 0.315276 0.352088 0.384545 0.413372 0.439140 0.462310 0.483251 0.502268 0.519611 0.535489 0.550078 0.563526 0.575961 0.587491 0.598210 0.608198 0.617526 0.626257 0.634444 0.642136 0.649375 0.656199 0.662641 0.668731 0.674498 0.679965 0.685153 0.690084 0.694774 0.699241 0.703500 0.707563 0.711444 0.715153 0.718702 0.722100 
0.000000 0.000000 0.000000 0.000000 0.000000 0.000000 0.000000 0.000000 0.000000 0.000004 0.009039 0.101564 0.168770 0.225438 0.273984 0.316032 0.352797 0.385212 0.414001 0.439736 0.462874 0.483786 0.502776 0.520095 0.535950 0.550518 0.563948 0.576364 0.587877 0.598580 0.608553 0.617867 0.626585 0.634760 0.642440 0.649667 0.656480 0.662912 0.668993 0.674751 0.680209 0.685389 0.690312 0.694995 0.699454 0.703706 0.707762 0.711636 0.715340 0.718883 0.722275 
0.000000 0.000000 0.000000 0.000000 0.000000 0.000000 0.000000 0.000000 0.000000 0.000004 0.009758 0.102620 0.169729 0.226328 0.274814 0.316807 0.353524 0.385895 0.414645 0.440344 0.463449 0.484332 0.503295 0.520588 0.536421 0.550967 0.564377 0.576775 0.588270 0.598956 0.608914 0.618214 0.626918 0.635080 0.642748 0.649964 0.656766 0.663188 0.669260 0.675008 0.680457 0.685629 0.690543 0.695218 0.699671 0.703915 0.707965 0.711832 0.715529 0.719067 0.722453 
0.000000 0.000000 0.000000 0.000000 0.000000 0.000000 0.000000 0.000000 0.000000 0.000004 0.010552 0.103711 0.170719 0.227244 0.275665 0.317602 0.354268 0.386594 0.415303 0.440965 0.464037 0.484889 0.503824 0.521091 0.536900 0.551424 0.564813 0.577192 0.588670 0.599339 0.609282 0.618567 0.627257 0.635406 0.643061 0.650266 0.657057 0.663468 0.669530 0.675268 0.680708 0.685872 0.690778 0.695445 0.699890 0.704127 0.708170 0.712031 0.715722 0.719253 0.722633 
0.000000 0.000000 0.000000 0.000000 0.000000 0.000000 0.000000 0.000000 0.000000 0.000005 0.011428 0.104838 0.171739 0.228187 0.276540 0.318416 0.355030 0.387309 0.415975 0.441599 0.464636 0.485457 0.504363 0.521603 0.537387 0.551889 0.565257 0.577616 0.589076 0.599728 0.609655 0.618925 0.627601 0.635736 0.643379 0.650572 0.657352 0.663753 0.669804 0.675533 0.680963 0.686118 0.691016 0.695675 0.700112 0.704342 0.708378 0.712232 0.715917 0.719441 0.722816 
0.000000 0.000000 0.000000 0.000000 0.000000 0.000000 0.000000 0.000000 0.000000 0.000005 0.012396 0.106002 0.172792 0.229157 0.277438 0.319252 0.355810 0.388040 0.416662 0.442246 0.465247 0.486035 0.504911 0.522124 0.537883 0.552362 0.565708 0.578047 0.589488 0.600123 0.610033 0.619288 0.627949 0.636071 0.643702 0.650882 0.657650 0.664040 0.670081 0.675800 0.681222 0.686367 0.691257 0.695908 0.700337 0.704559 0.708588 0.712436 0.716114 0.719632 0.723001 
0.000000 0.000000 0.000000 0.000000 0.000000 0.000000 0.000000 0.000000 0.000000 0.000006 0.013466 0.107205 0.173878 0.230155 0.278360 0.320108 0.356608 0.388786 0.417363 0.442905 0.465870 0.486624 0.505469 0.522654 0.538387 0.552841 0.566165 0.578484 0.589906 0.600523 0.610416 0.619656 0.628302 0.636410 0.644028 0.651196 0.657952 0.664331 0.670362 0.676071 0.681483 0.686619 0.691500 0.696143 0.700564 0.704779 0.708801 0.712641 0.716312 0.719824 0.723187 
0.000000 0.000000 0.000000 0.000000 0.000000 0.000000 0.000000 0.000000 0.000000 0.000007 0.014647 0.108449 0.174998 0.231182 0.279307 0.320986 0.357425 0.389549 0.418078 0.443578 0.466503 0.487222 0.506036 0.523192 0.538898 0.553328 0.566629 0.578927 0.590329 0.600928 0.610804 0.620027 0.628659 0.636753 0.644357 0.651513 0.658257 0.664625 0.670645 0.676344 0.681746 0.686873 0.691745 0.696380 0.700793 0.705000 0.709015 0.712848 0.716513 0.720018 0.723375 
0.000000 0.000000 0.000000 0.000000 0.000000 0.000000 0.000000 0.000000 0.000000 0.000008 0.015950 0.109735 0.176154 0.232238 0.280279 0.321885 0.358260 0.390328 0.418807 0.444263 0.467148 0.487831 0.506612 0.523738 0.539416 0.553821 0.567099 0.579375 0.590757 0.601338 0.611196 0.620403 0.629020 0.637099 0.644690 0.651832 0.658565 0.664921 0.670930 0.676619 0.682011 0.687129 0.691992 0.696619 0.701024 0.705223 0.709230 0.713057 0.716714 0.720213 0.723563 
0.000000 0.000000 0.000000 0.000000 0.000000 0.000000 0.000000 0.000000 0.000000 0.000009 0.017386 0.111065 0.177347 0.233326 0.281277 0.322806 0.359114 0.391124 0.419551 0.444960 0.467804 0.488450 0.507196 0.524291 0.539942 0.554321 0.567575 0.579829 0.591190 0.601751 0.611592 0.620782 0.629383 0.637448 0.645025 0.652155 0.658875 0.665219 0.671217 0.676896 0.682278 0.687387 0.692241 0.696859 0.701256 0.705447 0.709447 0.713266 0.716917 0.720409 0.723753 



la=1.000000
0.000000 0.000000 0.000000 0.000000 0.000000 0.000000 0.000000 0.000000 0.000000 0.000002 0.000567 0.002135 0.003472 0.004603 0.005571 0.006410 0.007143 0.007789 0.008363 0.008876 0.009337 0.009753 0.010132 0.010477 0.010793 0.011083 0.011350 0.011598 0.011827 0.012040 0.012238 0.012424 0.012597 0.012760 0.012913 0.013057 0.013192 0.013320 0.013441 0.013556 0.013665 0.013768 0.013866 0.013959 0.014047 0.014132 0.014213 0.014290 0.014363 0.014434 0.014501 
0.000000 0.000000 0.000000 0.000000 0.000000 0.000000 0.000000 0.000000 0.000000 0.000179 0.018545 0.080692 0.146576 0.204333 0.254279 0.297683 0.335690 0.369227 0.399025 0.425669 0.449630 0.471290 0.490961 0.508902 0.525329 0.540423 0.554338 0.567205 0.579136 0.590228 0.600565 0.610220 0.619257 0.627731 0.635694 0.643188 0.650252 0.656922 0.663229 0.669200 0.674861 0.680235 0.685342 0.690200 0.694828 0.699239 0.703449 0.707470 0.711314 0.714992 0.718513 
0.000000 0.000000 0.000000 0.000000 0.000000 0.000000 0.000000 0.000000 0.000000 0.000133 0.019766 0.082816 0.147818 0.205121 0.254826 0.298089 0.336009 0.369485 0.399241 0.425854 0.449791 0.471432 0.491087 0.509015 0.525432 0.540517 0.554425 0.567285 0.579210 0.590297 0.600630 0.610281 0.619314 0.627785 0.635745 0.643236 0.650298 0.656966 0.663270 0.669240 0.674899 0.680271 0.685376 0.690234 0.694860 0.699270 0.703478 0.707498 0.711341 0.715018 0.718539 
0.000000 0.000000 0.000000 0.000000 0.000000 0.000000 0.000000 0.000000 0.000000 0.000083 0.019378 0.083948 0.148695 0.205745 0.255287 0.298446 0.336295 0.369723 0.399442 0.426028 0.449943 0.471567 0.491208 0.509125 0.525531 0.540608 0.554509 0.567363 0.579283 0.590365 0.600693 0.610340 0.619370 0.627838 0.635794 0.643283 0.650343 0.657008 0.663311 0.669279 0.674936 0.680307 0.685410 0.690266 0.694891 0.699300 0.703507 0.707526 0.711368 0.715044 0.718564 
0.000000 0.000000 0.000000 0.000000 0.000000 0.000000 0.000000 0.000000 0.000000 0.000051 0.018367 0.084679 0.149392 0.206283 0.255704 0.298778 0.336568 0.369951 0.399638 0.426198 0.450094 0.471701 0.491329 0.509234 0.525631 0.540700 0.554593 0.567441 0.579356 0.590433 0.600757 0.610400 0.619426 0.627891 0.635845 0.643331 0.650388 0.657052 0.663352 0.669318 0.674974 0.680343 0.685445 0.690299 0.694922 0.699330 0.703536 0.707554 0.711395 0.715070 0.718589 
0.000000 0.000000 0.000000 0.000000 0.000000 0.000000 0.000000 0.000000 0.000000 0.000033 0.017145 0.085219 0.149995 0.206778 0.256101 0.299102 0.336838 0.370181 0.399836 0.426372 0.450248 0.471839 0.491453 0.509347 0.525735 0.540795 0.554681 0.567523 0.579432 0.590504 0.600824 0.610463 0.619485 0.627947 0.635898 0.643381 0.650436 0.657097 0.663395 0.669359 0.675013 0.680380 0.685481 0.690334 0.694955 0.699362 0.703567 0.707583 0.711423 0.715097 0.718615 
0.000000 0.000000 0.000000 0.000000 0.000000 0.000000 0.000000 0.000000 0.000000 0.000024 0.015959 0.085670 0.150551 0.207255 0.256494 0.299429 0.337113 0.370417 0.400042 0.426553 0.450409 0.471983 0.491584 0.509467 0.525844 0.540896 0.554775 0.567610 0.579513 0.590580 0.600895 0.610530 0.619548 0.628007 0.635954 0.643434 0.650486 0.657145 0.663441 0.669403 0.675055 0.680420 0.685519 0.690370 0.694990 0.699395 0.703599 0.707614 0.711453 0.715125 0.718642 
0.000000 0.000000 0.000000 0.000000 0.000000 0.000000 0.000000 0.000000 0.000000 0.000018 0.014947 0.086085 0.151087 0.207729 0.256893 0.299765 0.337401 0.370665 0.400259 0.426745 0.450581 0.472138 0.491725 0.509595 0.525962 0.541005 0.554875 0.567703 0.579600 0.590662 0.600971 0.610602 0.619616 0.628071 0.636015 0.643492 0.650541 0.657197 0.663491 0.669450 0.675100 0.680463 0.685560 0.690409 0.695028 0.699432 0.703634 0.707647 0.711485 0.715156 0.718672 
0.000000 0.000000 0.000000 0.000000 0.000000 0.000000 0.000000 0.000000 0.000000 0.000015 0.014161 0.086494 0.151618 0.208208 0.257304 0.300117 0.337703 0.370929 0.400491 0.426951 0.450766 0.472305 0.491877 0.509734 0.526090 0.541123 0.554985 0.567805 0.579695 0.590751 0.601055 0.610680 0.619690 0.628141 0.636081 0.643555 0.650601 0.657254 0.663545 0.669502 0.675149 0.680510 0.685605 0.690453 0.695069 0.699471 0.703672 0.707684 0.711520 0.715190 0.718704 
0.000000 0.000000 0.000000 0.000000 0.000000 0.000000 0.000000 0.000000 0.000000 0.000013 0.013595 0.086913 0.152152 0.208699 0.257731 0.300485 0.338023 0.371210 0.400739 0.427173 0.450965 0.472486 0.492041 0.509885 0.526229 0.541251 0.555104 0.567917 0.579799 0.590848 0.601147 0.610767 0.619772 0.628218 0.636154 0.643624 0.650667 0.657316 0.663604 0.669558 0.675203 0.680562 0.685654 0.690500 0.695115 0.699514 0.703713 0.707724 0.711558 0.715226 0.718739 
0.000000 0.000000 0.000000 0.000000 0.000000 0.000000 0.000000 0.000000 0.000000 0.000012 0.013222 0.087352 0.152696 0.209204 0.258175 0.300873 0.338363 0.371509 0.401006 0.427412 0.451180 0.472682 0.492220 0.510049 0.526380 0.541392 0.555235 0.568038 0.579913 0.590955 0.601247 0.610861 0.619861 0.628302 0.636234 0.643700 0.650739 0.657385 0.663669 0.669620 0.675262 0.680618 0.685709 0.690552 0.695164 0.699562 0.703759 0.707767 0.711600 0.715267 0.718778 
0.000000 0.000000 0.000000 0.000000 0.000000 0.000000 0.000000 0.000000 0.000000 0.000012 0.013006 0.087814 0.153252 0.209725 0.258638 0.301280 0.338722 0.371827 0.401290 0.427668 0.451412 0.472893 0.492414 0.510227 0.526545 0.541544 0.555377 0.568171 0.580037 0.591072 0.601357 0.610965 0.619959 0.628395 0.636322 0.643783 0.650818 0.657460 0.663741 0.669689 0.675328 0.680681 0.685768 0.690609 0.695219 0.699614 0.703809 0.707815 0.711646 0.715311 0.718821 
0.000000 0.000000 0.000000 0.000000 0.000000 0.000000 0.000000 0.000000 0.000000 0.000011 0.012918 0.088301 0.153821 0.210261 0.259119 0.301706 0.339100 0.372165 0.401594 0.427942 0.451661 0.473120 0.492623 0.510420 0.526723 0.541710 0.555531 0.568315 0.580173 0.591199 0.601476 0.611078 0.620066 0.628496 0.636417 0.643874 0.650904 0.657542 0.663820 0.669764 0.675399 0.680749 0.685833 0.690671 0.695279 0.699672 0.703864 0.707868 0.711697 0.715360 0.718867 
0.000000 0.000000 0.000000 0.000000 0.000000 0.000000 0.000000 0.000000 0.000000 0.000011 0.012932 0.088814 0.154404 0.210812 0.259618 0.302152 0.339498 0.372523 0.401916 0.428234 0.451928 0.473364 0.492847 0.510627 0.526916 0.541889 0.555698 0.568472 0.580320 0.591337 0.601607 0.611200 0.620182 0.628606 0.636522 0.643973 0.650999 0.657632 0.663905 0.669845 0.675477 0.680824 0.685905 0.690739 0.695344 0.699734 0.703924 0.707926 0.711752 0.715413 0.718919 
0.000000 0.000000 0.000000 0.000000 0.000000 0.000000 0.000000 0.000000 0.000000 0.000011 0.013028 0.089350 0.155000 0.211379 0.260133 0.302616 0.339916 0.372899 0.402256 0.428544 0.452211 0.473625 0.493087 0.510850 0.527122 0.542082 0.555878 0.568641 0.580478 0.591486 0.601747 0.611334 0.620308 0.628725 0.636635 0.644081 0.651101 0.657730 0.663999 0.669934 0.675562 0.680905 0.685983 0.690814 0.695416 0.699803 0.703990 0.707989 0.711813 0.715471 0.718974 
0.000000 0.000000 0.000000 0.000000 0.000000 0.000000 0.000000 0.000000 0.000000 0.000011 0.013191 0.089908 0.155609 0.211959 0.260665 0.303097 0.340351 0.373293 0.402615 0.428871 0.452511 0.473901 0.493343 0.511087 0.527343 0.542288 0.556071 0.568822 0.580648 0.591647 0.601899 0.611477 0.620444 0.628854 0.636758 0.644198 0.651212 0.657836 0.664099 0.670031 0.675654 0.680993 0.686067 0.690895 0.695493 0.699877 0.704061 0.708058 0.711878 0.715534 0.719035 
0.000000 0.000000 0.000000 0.000000 0.000000 0.000000 0.000000 0.000000 0.000000 0.000011 0.013410 0.090486 0.156230 0.212552 0.261211 0.303595 0.340803 0.373704 0.402990 0.429216 0.452828 0.474194 0.493614 0.511339 0.527578 0.542508 0.556278 0.569015 0.580831 0.591819 0.602062 0.611631 0.620590 0.628993 0.636890 0.644323 0.651332 0.657950 0.664208 0.670135 0.675754 0.681088 0.686158 0.690982 0.695577 0.699958 0.704138 0.708132 0.711950 0.715603 0.719101 
0.000000 0.000000 0.000000 0.000000 0.000000 0.000000 0.000000 0.000000 0.000000 0.000012 0.013676 0.091081 0.156862 0.213157 0.261771 0.304108 0.341271 0.374132 0.403382 0.429576 0.453161 0.474502 0.493900 0.511605 0.527827 0.542741 0.556496 0.569221 0.581025 0.592002 0.602235 0.611795 0.620746 0.629141 0.637031 0.644457 0.651460 0.658072 0.664325 0.670246 0.675861 0.681191 0.686256 0.691076 0.695667 0.700044 0.704222 0.708212 0.712027 0.715677 0.719172 
0.000000 0.000000 0.000000 0.000000 0.000000 0.000000 0.000000 0.000000 0.000000 0.000012 0.013980 0.091692 0.157503 0.213773 0.262344 0.304634 0.341754 0.374575 0.403790 0.429952 0.453508 0.474824 0.494200 0.511886 0.528089 0.542987 0.556728 0.569439 0.581231 0.592197 0.602419 0.611970 0.620912 0.629299 0.637181 0.644601 0.651597 0.658203 0.664450 0.670366 0.675975 0.681300 0.686361 0.691177 0.695764 0.700137 0.704311 0.708297 0.712109 0.715756 0.719249 
0.000000 0.000000 0.000000 0.000000 0.000000 0.000000 0.000000 0.000000 0.000000 0.000013 0.014319 0.092315 0.158152 0.214397 0.262927 0.305173 0.342250 0.375033 0.404212 0.430343 0.453871 0.475162 0.494515 0.512180 0.528365 0.543246 0.556972 0.569669 0.581448 0.592403 0.602615 0.612155 0.621088 0.629467 0.637341 0.644753 0.651742 0.658342 0.664583 0.670493 0.676097 0.681417 0.686474 0.691285 0.695867 0.700236 0.704406 0.708389 0.712197 0.715841 0.719330 
0.000000 0.000000 0.000000 0.000000 0.000000 0.000000 0.000000 0.000000 0.000000 0.000013 0.014686 0.092950 0.158808 0.215030 0.263521 0.305724 0.342760 0.375503 0.404648 0.430747 0.454247 0.475512 0.494843 0.512487 0.528653 0.543517 0.557227 0.569911 0.581677 0.592619 0.602820 0.612351 0.621274 0.629644 0.637510 0.644914 0.651896 0.658489 0.664724 0.670628 0.676227 0.681541 0.686593 0.691399 0.695977 0.700342 0.704508 0.708487 0.712291 0.715931 0.719417 
0.000000 0.000000 0.000000 0.000000 0.000000 0.000000 0.000000 0.000000 0.000000 0.000014 0.015078 0.093593 0.159470 0.215669 0.264123 0.306285 0.343280 0.375986 0.405097 0.431164 0.454636 0.475876 0.495183 0.512806 0.528954 0.543800 0.557495 0.570164 0.581916 0.592846 0.603036 0.612556 0.621469 0.629830 0.637687 0.645084 0.652058 0.658645 0.664873 0.670771 0.676363 0.681672 0.686719 0.691520 0.696093 0.700454 0.704615 0.708590 0.712391 0.716027 0.719510 
0.000000 0.000000 0.000000 0.000000 0.000000 0.000000 0.000000 0.000000 0.000000 0.000014 0.015492 0.094243 0.160136 0.216314 0.264732 0.306855 0.343811 0.376481 0.405557 0.431593 0.455037 0.476251 0.495535 0.513138 0.529266 0.544095 0.557773 0.570427 0.582166 0.593084 0.603262 0.612771 0.621674 0.630026 0.637874 0.645263 0.652229 0.658808 0.665029 0.670921 0.676507 0.681811 0.686851 0.691648 0.696216 0.700572 0.704729 0.708700 0.712496 0.716129 0.719608 
0.000000 0.000000 0.000000 0.000000 0.000000 0.000000 0.000000 0.000000 0.000000 0.000015 0.015923 0.094899 0.160806 0.216964 0.265348 0.307433 0.344351 0.376985 0.406028 0.432034 0.455449 0.476638 0.495899 0.513480 0.529589 0.544400 0.558062 0.570701 0.582426 0.593331 0.603497 0.612995 0.621888 0.630230 0.638069 0.645449 0.652408 0.658979 0.665194 0.671079 0.676659 0.681956 0.686991 0.691782 0.696345 0.700696 0.704848 0.708815 0.712607 0.716236 0.719711 
0.000000 0.000000 0.000000 0.000000 0.000000 0.000000 0.000000 0.000000 0.000000 0.000016 0.016371 0.095558 0.161479 0.217617 0.265969 0.308018 0.344899 0.377498 0.406508 0.432484 0.455872 0.477035 0.496273 0.513833 0.529923 0.544716 0.558361 0.570985 0.582696 0.593588 0.603742 0.613228 0.622111 0.630443 0.638273 0.645644 0.652595 0.659158 0.665365 0.671243 0.676817 0.682108 0.687137 0.691923 0.696481 0.700826 0.704974 0.708936 0.712724 0.716348 0.719819 
0.000000 0.000000 0.000000 0.000000 0.000000 0.000000 0.000000 0.000000 0.000000 0.000016 0.016832 0.096220 0.162152 0.218273 0.266594 0.308608 0.345454 0.378019 0.406997 0.432943 0.456304 0.477442 0.496657 0.514196 0.530266 0.545041 0.558670 0.571278 0.582975 0.593853 0.603995 0.613470 0.622341 0.630663 0.638484 0.645847 0.652789 0.659344 0.665544 0.671415 0.676982 0.682267 0.687290 0.692069 0.696622 0.700963 0.705105 0.709062 0.712846 0.716466 0.719933 
0.000000 0.000000 0.000000 0.000000 0.000000 0.000000 0.000000 0.000000 0.000000 0.000017 0.017304 0.096882 0.162825 0.218930 0.267222 0.309203 0.346015 0.378546 0.407493 0.433411 0.456744 0.477858 0.497050 0.514567 0.530618 0.545375 0.558987 0.571580 0.583262 0.594127 0.604256 0.613720 0.622580 0.630892 0.638703 0.646056 0.652990 0.659538 0.665730 0.671593 0.677153 0.682432 0.687449 0.692222 0.696769 0.701105 0.705242 0.709194 0.712973 0.716589 0.720051 
0.000000 0.000000 0.000000 0.000000 0.000000 0.000000 0.000000 0.000000 0.000000 0.000018 0.017786 0.097544 0.163497 0.219587 0.267852 0.309801 0.346581 0.379080 0.407997 0.433885 0.457193 0.478282 0.497451 0.514947 0.530978 0.545717 0.559313 0.571890 0.583558 0.594409 0.604526 0.613978 0.622827 0.631128 0.638929 0.646273 0.653198 0.659738 0.665922 0.671778 0.677331 0.682603 0.687613 0.692381 0.696922 0.701252 0.705384 0.709332 0.713105 0.716717 0.720175 
0.000000 0.000000 0.000000 0.000000 0.000000 0.000000 0.000000 0.000000 0.000000 0.000019 0.018275 0.098204 0.164168 0.220243 0.268483 0.310401 0.347150 0.379618 0.408505 0.434366 0.457647 0.478712 0.497859 0.515335 0.531346 0.546067 0.559646 0.572208 0.583861 0.594699 0.604802 0.614242 0.623080 0.631371 0.639162 0.646497 0.653413 0.659944 0.666120 0.671969 0.677515 0.682780 0.687784 0.692545 0.697081 0.701405 0.705532 0.709474 0.713243 0.716849 0.720303 
0.000000 0.000000 0.000000 0.000000 0.000000 0.000000 0.000000 0.000000 0.000000 0.000020 0.018769 0.098861 0.164835 0.220898 0.269114 0.311004 0.347722 0.380160 0.409019 0.434853 0.458108 0.479149 0.498274 0.515729 0.531721 0.546424 0.559986 0.572532 0.584171 0.594995 0.605086 0.614514 0.623341 0.631621 0.639402 0.646727 0.653634 0.660156 0.666325 0.672166 0.677704 0.682962 0.687960 0.692715 0.697244 0.701563 0.705684 0.709621 0.713385 0.716986 0.720435 
0.000000 0.000000 0.000000 0.000000 0.000000 0.000000 0.000000 0.000000 0.000000 0.000021 0.019268 0.099514 0.165498 0.221550 0.269744 0.311606 0.348295 0.380705 0.409536 0.435343 0.458574 0.479591 0.498694 0.516129 0.532102 0.546787 0.560333 0.572863 0.584487 0.595298 0.605376 0.614791 0.623607 0.631876 0.639647 0.646963 0.653861 0.660374 0.666534 0.672368 0.677899 0.683150 0.688141 0.692889 0.697413 0.701725 0.705841 0.709773 0.713531 0.717128 0.720572 
0.000000 0.000000 0.000000 0.000000 0.000000 0.000000 0.000000 0.000000 0.000000 0.000021 0.019769 0.100161 0.166157 0.222198 0.270371 0.312208 0.348870 0.381252 0.410056 0.435837 0.459044 0.480038 0.499119 0.516534 0.532488 0.547156 0.560685 0.573200 0.584809 0.595606 0.605671 0.615075 0.623879 0.632137 0.639898 0.647204 0.654093 0.660598 0.666750 0.672575 0.678099 0.683343 0.688327 0.693069 0.697586 0.701892 0.706002 0.709929 0.713682 0.717274 0.720713 
0.000000 0.000000 0.000000 0.000000 0.000000 0.000000 0.000000 0.000000 0.000000 0.000022 0.020270 0.100803 0.166810 0.222842 0.270996 0.312809 0.349444 0.381800 0.410578 0.436334 0.459517 0.480489 0.499548 0.516943 0.532879 0.547529 0.561042 0.573541 0.585136 0.595920 0.605972 0.615363 0.624156 0.632403 0.640154 0.647450 0.654330 0.660826 0.666969 0.672787 0.678303 0.683540 0.688517 0.693253 0.697763 0.702064 0.706168 0.710089 0.713837 0.717423 0.720858 
0.000000 0.000000 0.000000 0.000000 0.000000 0.000000 0.000000 0.000000 0.000000 0.000023 0.020771 0.101436 0.167455 0.223481 0.271617 0.313407 0.350018 0.382348 0.411100 0.436832 0.459992 0.480942 0.499981 0.517356 0.533274 0.547907 0.561403 0.573887 0.585468 0.596237 0.606277 0.615656 0.624437 0.632674 0.640415 0.647701 0.654571 0.661059 0.667194 0.673003 0.678512 0.683741 0.688711 0.693440 0.697945 0.702239 0.706338 0.710253 0.713995 0.717577 0.721006 
0.000000 0.000000 0.000000 0.000000 0.000000 0.000000 0.000000 0.000000 0.000000 0.000024 0.021269 0.102062 0.168094 0.224113 0.272233 0.314002 0.350589 0.382895 0.411623 0.437332 0.460468 0.481397 0.500416 0.517772 0.533671 0.548287 0.561767 0.574237 0.585803 0.596559 0.606586 0.615953 0.624723 0.632949 0.640679 0.647956 0.654817 0.661295 0.667422 0.673223 0.678724 0.683946 0.688909 0.693632 0.698130 0.702418 0.706511 0.710420 0.714157 0.717733 0.721158 
0.000000 0.000000 0.000000 0.000000 0.000000 0.000000 0.000000 0.000000 0.000000 0.000026 0.021763 0.102678 0.168723 0.224738 0.272844 0.314592 0.351157 0.383440 0.412145 0.437831 0.460946 0.481853 0.500853 0.518190 0.534071 0.548671 0.562135 0.574589 0.586141 0.596884 0.606898 0.616254 0.625012 0.633227 0.640947 0.648214 0.655066 0.661535 0.667654 0.673447 0.678940 0.684155 0.689111 0.693827 0.698318 0.702600 0.706687 0.710590 0.714322 0.717893 0.721312 
0.000000 0.000000 0.000000 0.000000 0.000000 0.000000 0.000000 0.000000 0.000000 0.000027 0.022253 0.103284 0.169344 0.225355 0.273448 0.315178 0.351721 0.383982 0.412665 0.438329 0.461423 0.482310 0.501290 0.518609 0.534473 0.549056 0.562504 0.574944 0.586482 0.597212 0.607213 0.616557 0.625304 0.633508 0.641218 0.648475 0.655317 0.661779 0.667888 0.673674 0.679159 0.684367 0.689316 0.694024 0.698509 0.702785 0.706866 0.710764 0.714490 0.718056 0.721470 
0.000000 0.000000 0.000000 0.000000 0.000000 0.000000 0.000000 0.000000 0.000000 0.000028 0.022736 0.103879 0.169954 0.225964 0.274044 0.315757 0.352281 0.384520 0.413182 0.438825 0.461898 0.482766 0.501727 0.519028 0.534875 0.549442 0.562875 0.575300 0.586825 0.597541 0.607530 0.616862 0.625598 0.633792 0.641491 0.648739 0.655572 0.662024 0.668126 0.673903 0.679381 0.684581 0.689523 0.694225 0.698703 0.702973 0.707048 0.710940 0.714660 0.718221 0.721630 
0.000000 0.000000 0.000000 0.000000 0.000000 0.000000 0.000000 0.000000 0.000000 0.000029 0.023210 0.104462 0.170553 0.226562 0.274632 0.316330 0.352835 0.385054 0.413696 0.439318 0.462372 0.483221 0.502164 0.519447 0.535278 0.549829 0.563247 0.575658 0.587169 0.597872 0.607849 0.617169 0.625894 0.634077 0.641766 0.649004 0.655828 0.662272 0.668365 0.674134 0.679604 0.684797 0.689732 0.694427 0.698899 0.703163 0.707231 0.711118 0.714833 0.718388 0.721791 
0.000000 0.000000 0.000000 0.000000 0.000000 0.000000 0.000000 0.000000 0.000000 0.000030 0.023675 0.105031 0.171140 0.227150 0.275211 0.316894 0.353382 0.385583 0.414205 0.439808 0.462843 0.483674 0.502599 0.519865 0.535679 0.550215 0.563618 0.576015 0.587513 0.598204 0.608168 0.617477 0.626191 0.634364 0.642043 0.649272 0.656086 0.662521 0.668606 0.674367 0.679830 0.685015 0.689943 0.694632 0.699097 0.703354 0.707417 0.711297 0.715007 0.718556 0.721955 
0.000000 0.000000 0.000000 0.000000 0.000000 0.000000 0.000000 0.000000 0.000000 0.000031 0.024128 0.105587 0.171714 0.227727 0.275780 0.317450 0.353922 0.386105 0.414709 0.440294 0.463311 0.484123 0.503031 0.520281 0.536080 0.550600 0.563989 0.576372 0.587857 0.598535 0.608488 0.617785 0.626488 0.634651 0.642320 0.649539 0.656345 0.662772 0.668848 0.674601 0.680056 0.685234 0.690155 0.694837 0.699296 0.703547 0.707604 0.711478 0.715183 0.718727 0.722120 
0.000000 0.000000 0.000000 0.000000 0.000000 0.000000 0.000000 0.000000 0.000000 0.000032 0.024568 0.106128 0.172274 0.228291 0.276339 0.317997 0.354454 0.386620 0.415207 0.440774 0.463773 0.484569 0.503460 0.520694 0.536478 0.550983 0.564358 0.576728 0.588200 0.598866 0.608807 0.618093 0.626786 0.634938 0.642598 0.649808 0.656605 0.663022 0.669091 0.674836 0.680284 0.685454 0.690368 0.695043 0.699496 0.703741 0.707792 0.711661 0.715359 0.718898 0.722286 
0.000000 0.000000 0.000000 0.000000 0.000000 0.000000 0.000000 0.000000 0.000000 0.000033 0.024992 0.106654 0.172820 0.228842 0.276885 0.318533 0.354977 0.387128 0.415697 0.441248 0.464231 0.485010 0.503885 0.521104 0.536873 0.551364 0.564725 0.577082 0.588541 0.599196 0.609125 0.618400 0.627082 0.635225 0.642875 0.650076 0.656864 0.663273 0.669333 0.675071 0.680511 0.685675 0.690582 0.695250 0.699696 0.703935 0.707980 0.711843 0.715536 0.719070 0.722453 
0.000000 0.000000 0.000000 0.000000 0.000000 0.000000 0.000000 0.000000 0.000000 0.000034 0.025398 0.107162 0.173351 0.229378 0.277419 0.319058 0.355489 0.387626 0.416180 0.441715 0.464682 0.485446 0.504306 0.521510 0.537264 0.551741 0.565089 0.577433 0.588880 0.599523 0.609442 0.618706 0.627378 0.635510 0.643151 0.650343 0.657122 0.663523 0.669575 0.675306 0.680738 0.685895 0.690795 0.695457 0.699897 0.704130 0.708169 0.712026 0.715714 0.719242 0.722620 
0.000000 0.000000 0.000000 0.000000 0.000000 0.000000 0.000000 0.000000 0.000000 0.000035 0.025781 0.107654 0.173865 0.229900 0.277939 0.319571 0.355991 0.388114 0.416654 0.442174 0.465126 0.485875 0.504720 0.521910 0.537650 0.552114 0.565450 0.577781 0.589216 0.599848 0.609755 0.619009 0.627671 0.635794 0.643426 0.650608 0.657380 0.663772 0.669817 0.675539 0.680965 0.686114 0.691008 0.695663 0.700097 0.704324 0.708357 0.712209 0.715891 0.719414 0.722787 
0.000000 0.000000 0.000000 0.000000 0.000000 0.000000 0.000000 0.000000 0.000000 0.000036 0.026136 0.108126 0.174362 0.230406 0.278445 0.320070 0.356480 0.388592 0.417119 0.442625 0.465562 0.486297 0.505128 0.522304 0.538031 0.552483 0.565806 0.578125 0.589549 0.600169 0.610066 0.619310 0.627962 0.636075 0.643698 0.650872 0.657635 0.664020 0.670056 0.675772 0.681190 0.686333 0.691220 0.695869 0.700296 0.704517 0.708544 0.712391 0.716068 0.719585 0.722953 
0.000000 0.000000 0.000000 0.000000 0.000000 0.000000 0.000000 0.000000 0.000000 0.000036 0.026454 0.108580 0.174840 0.230895 0.278935 0.320556 0.356957 0.389058 0.417573 0.443066 0.465990 0.486711 0.505529 0.522692 0.538406 0.552845 0.566156 0.578464 0.589877 0.600486 0.610373 0.619607 0.628249 0.636354 0.643968 0.651133 0.657888 0.664265 0.670294 0.676002 0.681413 0.686549 0.691430 0.696073 0.700494 0.704709 0.708731 0.712572 0.716243 0.719756 0.723119 
0.000000 0.000000 0.000000 0.000000 0.000000 0.000000 0.000000 0.000000 0.000000 0.000036 0.026720 0.109012 0.175300 0.231367 0.279409 0.321026 0.357421 0.389512 0.418015 0.443496 0.466408 0.487116 0.505922 0.523072 0.538774 0.553201 0.566501 0.578798 0.590199 0.600799 0.610675 0.619900 0.628533 0.636628 0.644234 0.651391 0.658138 0.664507 0.670529 0.676230 0.681634 0.686764 0.691638 0.696274 0.700690 0.704899 0.708915 0.712751 0.716417 0.719925 0.723283 
0.000000 0.000000 0.000000 0.000000 0.000000 0.000000 0.000000 0.000000 0.000000 0.000036 0.026908 0.109423 0.175739 0.231820 0.279866 0.321481 0.357870 0.389952 0.418445 0.443915 0.466815 0.487512 0.506305 0.523444 0.539134 0.553550 0.566839 0.579125 0.590516 0.601106 0.610973 0.620188 0.628812 0.636899 0.644496 0.651645 0.658384 0.664746 0.670761 0.676455 0.681852 0.686975 0.691843 0.696474 0.700884 0.705087 0.709098 0.712928 0.716590 0.720092 0.723446 
0.000000 0.000000 0.000000 0.000000 0.000000 0.000000 0.000000 0.000000 0.000000 0.000035 0.026959 0.109811 0.176158 0.232253 0.280305 0.321919 0.358303 0.390378 0.418862 0.444322 0.467211 0.487896 0.506679 0.523806 0.539486 0.553891 0.567169 0.579445 0.590827 0.601406 0.611264 0.620470 0.629086 0.637164 0.644753 0.651895 0.658626 0.664981 0.670989 0.676676 0.682067 0.687184 0.692046 0.696670 0.701074 0.705272 0.709278 0.713103 0.716759 0.720257 0.723606 
0.000000 0.000000 0.000000 0.000000 0.000000 0.000000 0.000000 0.000000 0.000000 0.000019 0.023215 0.110156 0.176554 0.232666 0.280724 0.322340 0.358720 0.390789 0.419265 0.444715 0.467595 0.488270 0.507042 0.524159 0.539828 0.554223 0.567491 0.579757 0.591129 0.601700 0.611549 0.620746 0.629354 0.637424 0.645005 0.652139 0.658864 0.665211 0.671212 0.676893 0.682278 0.687388 0.692244 0.696863 0.701262 0.705454 0.709455 0.713275 0.716926 0.720419 0.723764 



