la=-1.000000
0.000000 0.000000 0.000000 0.000000 0.000000 0.000000 0.000000 0.000000 0.000000 0.000000 0.000000 0.000000 0.000000 0.000000 0.000000 0.000000 0.000000 0.000000 0.000000 0.000000 0.000000 0.000000 0.000000 0.000002 0.000040 0.000839 0.013037 0.056738 0.093022 0.121465 0.147459 0.171779 0.194610 0.216082 0.236307 0.255390 0.273420 0.290482 0.306650 0.321991 0.336565 0.350429 0.363633 0.376221 0.388236 0.399715 0.410692 0.421201 0.431269 0.440924 0.450189 
0.000000 0.000000 0.000000 0.000000 0.000000 0.000000 0.000000 0.000000 0.000000 0.000000 0.000000 0.000000 0.000000 0.000000 0.000000 0.000000 0.000000 0.000000 0.000000 0.000000 0.000000 0.000000 0.000000 0.000002 0.000045 0.000975 0.014753 0.059288 0.094925 0.123407 0.149500 0.173879 0.196735 0.218208 0.238418 0.257474 0.275470 0.292493 0.308618 0.323914 0.338444 0.352263 0.365421 0.377965 0.389936 0.401372 0.412308 0.422776 0.432805 0.442422 0.451651 
0.000000 0.000000 0.000000 0.000000 0.000000 0.000000 0.000000 0.000000 0.000000 0.000000 0.000000 0.000000 0.000000 0.000000 0.000000 0.000000 0.000000 0.000000 0.000000 0.000000 0.000000 0.000000 0.000000 0.000003 0.000072 0.001513 0.019920 0.064933 0.098882 0.127122 0.153154 0.177480 0.200279 0.221692 0.241841 0.260834 0.278767 0.295726 0.311788 0.327022 0.341491 0.355249 0.368347 0.380833 0.392747 0.404127 0.415009 0.425423 0.435400 0.444966 0.454146 
0.000000 0.000000 0.000000 0.000000 0.000000 0.000000 0.000000 0.000000 0.000000 0.000000 0.000000 0.000000 0.000000 0.000000 0.000000 0.000000 0.000000 0.000000 0.000000 0.000000 0.000000 0.000000 0.000000 0.000007 0.000148 0.003038 0.030101 0.073644 0.105623 0.133511 0.159373 0.183546 0.206200 0.227471 0.247483 0.266344 0.284150 0.300987 0.316930 0.332050 0.346407 0.360058 0.373054 0.385439 0.397256 0.408543 0.419333 0.429660 0.439552 0.449036 0.458135 
0.000000 0.000000 0.000000 0.000000 0.000000 0.000000 0.000000 0.000000 0.000000 0.000000 0.000000 0.000000 0.000000 0.000000 0.000000 0.000000 0.000000 0.000000 0.000000 0.000000 0.000000 0.000000 0.000001 0.000022 0.000538 0.009794 0.050471 0.088163 0.118090 0.145365 0.170773 0.194531 0.216795 0.237703 0.257373 0.275912 0.293414 0.309963 0.325636 0.340498 0.354612 0.368031 0.380806 0.392981 0.404598 0.415693 0.426302 0.436454 0.446178 0.455501 0.464447 



la=0.000000
0.000000 0.000000 0.000000 0.000000 0.000000 0.000000 0.000000 0.000000 0.000000 0.000000 0.000000 0.000000 0.000000 0.000000 0.000000 0.000000 0.000000 0.000000 0.000000 0.000000 0.000000 0.000000 0.000000 0.000004 0.000106 0.002266 0.023564 0.063544 0.095064 0.122619 0.148300 0.172421 0.195111 0.216479 0.236626 0.255648 0.273632 0.290657 0.306795 0.322112 0.336668 0.350516 0.363706 0.376283 0.388289 0.399760 0.410731 0.421234 0.431297 0.440948 0.450210 
0.000000 0.000000 0.000000 0.000000 0.000000 0.000000 0.000000 0.000000 0.000000 0.000000 0.000000 0.000000 0.000000 0.000000 0.000000 0.000000 0.000000 0.000000 0.000000 0.000000 0.000000 0.000000 0.000000 0.000004 0.000100 0.002186 0.023944 0.065709 0.097810 0.125624 0.151424 0.175576 0.198242 0.219552 0.239623 0.258558 0.276451 0.293382 0.309428 0.324654 0.339121 0.352885 0.365993 0.378493 0.390424 0.401825 0.412728 0.423167 0.433169 0.442762 0.451969 
0.000000 0.000000 0.000000 0.000000 0.000000 0.000000 0.000000 0.000000 0.000000 0.000000 0.000000 0.000000 0.000000 0.000000 0.000000 0.000000 0.000000 0.000000 0.000000 0.000000 0.000000 0.000000 0.000000 0.000006 0.000150 0.003200 0.029870 0.071331 0.102769 0.130472 0.156204 0.180278 0.202854 0.224068 0.244038 0.262871 0.280660 0.297489 0.313432 0.328559 0.342929 0.356598 0.369614 0.382024 0.393869 0.405185 0.416007 0.426367 0.436294 0.445812 0.454948 
0.000000 0.000000 0.000000 0.000000 0.000000 0.000000 0.000000 0.000000 0.000000 0.000000 0.000000 0.000000 0.000000 0.000000 0.000000 0.000000 0.000000 0.000000 0.000000 0.000000 0.000000 0.000000 0.000000 0.000011 0.000275 0.005553 0.039353 0.079152 0.109734 0.137226 0.162809 0.186738 0.209170 0.230241 0.250071 0.268766 0.286421 0.303118 0.318934 0.333937 0.348186 0.361737 0.374640 0.386940 0.398678 0.409890 0.420613 0.430875 0.440707 0.450135 0.459182 
0.000000 0.000000 0.000000 0.000000 0.000000 0.000000 0.000000 0.000000 0.000000 0.000000 0.000000 0.000000 0.000000 0.000000 0.000000 0.000000 0.000000 0.000000 0.000000 0.000000 0.000000 0.000000 0.000001 0.000025 0.000653 0.011428 0.052913 0.089573 0.119259 0.146423 0.171739 0.195415 0.217606 0.238446 0.258056 0.276540 0.293992 0.310496 0.326127 0.340951 0.355030 0.368417 0.381163 0.393311 0.404903 0.415975 0.426562 0.436694 0.446400 0.455706 0.464636 



la=1.000000
0.000000 0.000000 0.000000 0.000000 0.000000 0.000000 0.000000 0.000000 0.000000 0.000000 0.000000 0.000000 0.000000 0.000000 0.000000 0.000000 0.000000 0.000000 0.000000 0.000000 0.000000 0.000000 0.000002 0.000096 0.002517 0.016995 0.043308 0.071418 0.098761 0.125007 0.149994 0.173668 0.196052 0.217204 0.237194 0.256101 0.273997 0.290954 0.307040 0.322315 0.336838 0.350659 0.363827 0.376387 0.388377 0.399836 0.410797 0.421291 0.431347 0.440991 0.450248 
0.000000 0.000000 0.000000 0.000000 0.000000 0.000000 0.000000 0.000000 0.000000 0.000000 0.000000 0.000000 0.000000 0.000000 0.000000 0.000000 0.000000 0.000000 0.000000 0.000000 0.000000 0.000000 0.000001 0.000042 0.001115 0.013051 0.044095 0.075373 0.103896 0.130559 0.155606 0.179164 0.201348 0.222262 0.242004 0.260664 0.278323 0.295056 0.310931 0.326010 0.340350 0.354002 0.367013 0.379427 0.391282 0.402614 0.413458 0.423842 0.433796 0.443344 0.452511 
0.000000 0.000000 0.000000 0.000000 0.000000 0.000000 0.000000 0.000000 0.000000 0.000000 0.000000 0.000000 0.000000 0.000000 0.000000 0.000000 0.000000 0.000000 0.000000 0.000000 0.000000 0.000000 0.000002 0.000066 0.001618 0.016701 0.049885 0.081548 0.110313 0.137090 0.162147 0.185646 0.207725 0.228505 0.248095 0.266592 0.284085 0.300649 0.316358 0.331273 0.345453 0.358950 0.371812 0.384081 0.395797 0.406996 0.417712 0.427973 0.437809 0.447245 0.456304 
0.000000 0.000000 0.000000 0.000000 0.000000 0.000000 0.000000 0.000000 0.000000 0.000000 0.000000 0.000000 0.000000 0.000000 0.000000 0.000000 0.000000 0.000000 0.000000 0.000000 0.000000 0.000000 0.000004 0.000111 0.002490 0.021651 0.056282 0.087965 0.116818 0.143650 0.168719 0.192195 0.214223 0.234934 0.254439 0.272842 0.290232 0.306689 0.322287 0.337089 0.351156 0.364540 0.377289 0.389446 0.401053 0.412144 0.422754 0.432912 0.442646 0.451983 0.460945 
0.000000 0.000000 0.000000 0.000000 0.000000 0.000000 0.000000 0.000000 0.000000 0.000000 0.000000 0.000000 0.000000 0.000000 0.000000 0.000000 0.000000 0.000000 0.000000 0.000000 0.000000 0.000000 0.000006 0.000168 0.003420 0.026039 0.061610 0.093364 0.122324 0.149239 0.174360 0.197862 0.219897 0.240596 0.260077 0.278444 0.295789 0.312195 0.327736 0.342478 0.356480 0.369797 0.382477 0.394564 0.406099 0.417118 0.427656 0.437742 0.447405 0.456670 0.465562 



