la=-1.000000
0.000000 0.000000 0.000000 0.000000 0.000000 0.000000 0.000000 0.000000 0.000000 0.000002 0.000567 0.002135 0.003472 0.004603 0.005571 0.006410 0.007143 0.007789 0.008363 0.008876 0.009337 0.009753 0.010132 0.010477 0.010793 0.011083 0.011350 0.011598 0.011827 0.012040 0.012238 0.012424 0.012597 0.012760 0.012913 0.013057 0.013192 0.013320 0.013441 0.013556 0.013665 0.013768 0.013866 0.013959 0.014047 0.014132 0.014213 0.014290 0.014363 0.014434 0.014501 
0.000000 0.000000 0.000000 0.000000 0.000000 0.000000 0.000000 0.000000 0.000000 0.000000 0.001149 0.080648 0.151087 0.209175 0.258949 0.302071 0.339784 0.373040 0.402582 0.428993 0.452743 0.474212 0.493709 0.511493 0.527776 0.542738 0.556533 0.569289 0.581117 0.592114 0.602363 0.611936 0.620896 0.629299 0.637194 0.644625 0.651630 0.658244 0.664498 0.670420 0.676034 0.681363 0.686427 0.691246 0.695835 0.700210 0.704384 0.708372 0.712184 0.715832 0.719324 
0.000000 0.000000 0.000000 0.000000 0.000000 0.000000 0.000000 0.000000 0.000000 0.000002 0.004978 0.095973 0.164138 0.221398 0.270423 0.312863 0.349956 0.382648 0.411672 0.437609 0.460923 0.481989 0.501114 0.518552 0.534514 0.549178 0.562693 0.575187 0.586770 0.597537 0.607569 0.616937 0.625704 0.633924 0.641646 0.648913 0.655762 0.662228 0.668341 0.674127 0.679613 0.684819 0.689766 0.694472 0.698953 0.703225 0.707301 0.711193 0.714914 0.718474 0.721882 



la=0.000000
0.000000 0.000000 0.000000 0.000000 0.000000 0.000000 0.000000 0.000000 0.000000 0.000002 0.000567 0.002135 0.003472 0.004603 0.005571 0.006410 0.007143 0.007789 0.008363 0.008876 0.009337 0.009753 0.010132 0.010477 0.010793 0.011083 0.011350 0.011598 0.011827 0.012040 0.012238 0.012424 0.012597 0.012760 0.012913 0.013057 0.013192 0.013320 0.013441 0.013556 0.013665 0.013768 0.013866 0.013959 0.014047 0.014132 0.014213 0.014290 0.014363 0.014434 0.014501 
0.000000 0.000000 0.000000 0.000000 0.000000 0.000000 0.000000 0.000000 0.000000 0.000001 0.002584 0.084979 0.153600 0.211144 0.260526 0.303356 0.340847 0.373931 0.403336 0.429638 0.453299 0.474694 0.494131 0.511863 0.528102 0.543028 0.556791 0.569520 0.581324 0.592301 0.602531 0.612088 0.621034 0.629424 0.637308 0.644729 0.651725 0.658331 0.664578 0.670493 0.676101 0.681424 0.686484 0.691298 0.695883 0.700254 0.704425 0.708410 0.712219 0.715864 0.719354 
0.000000 0.000000 0.000000 0.000000 0.000000 0.000000 0.000000 0.000000 0.000000 0.000003 0.007796 0.099548 0.166936 0.223732 0.272391 0.314540 0.351396 0.383893 0.412756 0.438558 0.461758 0.482727 0.501770 0.519136 0.535036 0.549646 0.563113 0.575566 0.587113 0.597847 0.607849 0.617191 0.625935 0.634135 0.641838 0.649088 0.655922 0.662374 0.668474 0.674250 0.679725 0.684922 0.689860 0.694558 0.699032 0.703297 0.707367 0.711254 0.714970 0.718525 0.721928 



la=1.000000
0.000000 0.000000 0.000000 0.000000 0.000000 0.000000 0.000000 0.000000 0.000000 0.000002 0.000567 0.002135 0.003472 0.004603 0.005571 0.006410 0.007143 0.007789 0.008363 0.008876 0.009337 0.009753 0.010132 0.010477 0.010793 0.011083 0.011350 0.011598 0.011827 0.012040 0.012238 0.012424 0.012597 0.012760 0.012913 0.013057 0.013192 0.013320 0.013441 0.013556 0.013665 0.013768 0.013866 0.013959 0.014047 0.014132 0.014213 0.014290 0.014363 0.014434 0.014501 
0.000000 0.000000 0.000000 0.000000 0.000000 0.000000 0.000000 0.000000 0.000000 0.000013 0.014686 0.092950 0.158808 0.215030 0.263521 0.305724 0.342760 0.375503 0.404648 0.430747 0.454247 0.475512 0.494843 0.512487 0.528653 0.543517 0.557227 0.569911 0.581677 0.592619 0.602820 0.612351 0.621274 0.629644 0.637510 0.644914 0.651896 0.658489 0.664724 0.670628 0.676227 0.681541 0.686593 0.691399 0.695977 0.700342 0.704508 0.708487 0.712291 0.715931 0.719417 
0.000000 0.000000 0.000000 0.000000 0.000000 0.000000 0.000000 0.000000 0.000000 0.000031 0.024128 0.105587 0.171714 0.227727 0.275780 0.317450 0.353922 0.386105 0.414709 0.440294 0.463311 0.484123 0.503031 0.520281 0.536080 0.550600 0.563989 0.576372 0.587857 0.598535 0.608488 0.617785 0.626488 0.634651 0.642320 0.649539 0.656345 0.662772 0.668848 0.674601 0.680056 0.685234 0.690155 0.694837 0.699296 0.703547 0.707604 0.711478 0.715183 0.718727 0.722120 



