pd=0.300000
0.000000 0.000000 0.000000 0.000000 0.000000 0.000000 0.000000 0.000000 0.000000 0.000000 0.000940 0.077438 0.148706 0.207227 0.257341 0.300733 0.338664 0.372099 0.401787 0.428320 0.452171 0.473726 0.493296 0.511140 0.527476 0.542483 0.556316 0.569106 0.580963 0.591984 0.602254 0.611846 0.620822 0.629238 0.637145 0.644587 0.651601 0.658222 0.664483 0.670410 0.676028 0.681361 0.686429 0.691249 0.695840 0.700217 0.704393 0.708381 0.712193 0.715841 0.719333 
0.000000 0.000000 0.000000 0.000000 0.000000 0.000000 0.000000 0.000000 0.000000 0.000000 0.000733 0.076343 0.148160 0.206613 0.256679 0.300040 0.337951 0.371375 0.401059 0.427594 0.451451 0.473014 0.492594 0.510452 0.526801 0.541823 0.555671 0.568476 0.580349 0.591387 0.601673 0.611281 0.620273 0.628705 0.636628 0.644085 0.651114 0.657751 0.664026 0.669967 0.675600 0.680946 0.686027 0.690861 0.695465 0.699854 0.704042 0.708043 0.711867 0.715526 0.719029 
0.000000 0.000000 0.000000 0.000000 0.000000 0.000000 0.000000 0.000000 0.000000 0.000001 0.002186 0.082661 0.151424 0.209059 0.258558 0.301511 0.339121 0.372317 0.401825 0.428221 0.451969 0.473443 0.492951 0.510750 0.527050 0.542032 0.555846 0.568622 0.580471 0.591488 0.601756 0.611348 0.620327 0.628749 0.636662 0.644110 0.651132 0.657763 0.664032 0.669969 0.675598 0.680941 0.686019 0.690850 0.695452 0.699839 0.704025 0.708024 0.711848 0.715506 0.719009 
0.000000 0.000000 0.000000 0.000000 0.000000 0.012714 0.056419 0.091834 0.122597 0.150363 0.176211 0.200927 0.225262 0.250660 0.280648 0.314785 0.348146 0.378903 0.406851 0.432179 0.455162 0.476069 0.495145 0.512607 0.528641 0.543407 0.557045 0.569676 0.581403 0.592317 0.602498 0.612015 0.620929 0.629294 0.637158 0.644562 0.651546 0.658142 0.664381 0.670290 0.675894 0.681215 0.686272 0.691085 0.695670 0.700042 0.704215 0.708201 0.712012 0.715660 0.719152 
0.000000 0.000000 0.000000 0.000136 0.086671 0.139550 0.180369 0.214815 0.246147 0.253112 0.281975 0.307054 0.338832 0.369589 0.390105 0.407329 0.419497 0.436651 0.451772 0.465900 0.480776 0.495232 0.509628 0.523813 0.537447 0.550447 0.562776 0.574419 0.585388 0.595710 0.605419 0.614555 0.623157 0.631262 0.638908 0.646128 0.652953 0.659413 0.665534 0.671340 0.676853 0.682093 0.687079 0.691829 0.696356 0.700676 0.704802 0.708746 0.712519 0.716131 0.719592 



pd=0.500000
0.000000 0.000000 0.000000 0.000000 0.000000 0.000000 0.000000 0.000000 0.000000 0.000001 0.002003 0.083162 0.153290 0.211758 0.261805 0.305118 0.342963 0.376305 0.405897 0.432332 0.456085 0.477540 0.497011 0.514757 0.530996 0.545908 0.559648 0.572345 0.584113 0.595047 0.605232 0.614739 0.623634 0.631972 0.639802 0.647168 0.654109 0.660660 0.666851 0.672711 0.678264 0.683533 0.688539 0.693299 0.697832 0.702151 0.706271 0.710206 0.713965 0.717562 0.721004 
0.000000 0.000000 0.000000 0.000000 0.000000 0.000000 0.000000 0.000000 0.000000 0.000000 0.001074 0.080036 0.151013 0.209408 0.259407 0.302693 0.340525 0.373868 0.403471 0.429926 0.453705 0.475191 0.494698 0.512483 0.528764 0.543719 0.557504 0.570247 0.582061 0.593042 0.603274 0.612828 0.621770 0.630154 0.638030 0.645442 0.652428 0.659023 0.665258 0.671160 0.676756 0.682066 0.687112 0.691913 0.696484 0.700842 0.705000 0.708971 0.712767 0.716398 0.719876 
0.000000 0.000000 0.000000 0.000000 0.000000 0.000000 0.000000 0.000000 0.000000 0.000001 0.003200 0.087808 0.156204 0.213623 0.262871 0.305567 0.342929 0.375892 0.405185 0.431383 0.454948 0.476255 0.495610 0.513267 0.529437 0.544297 0.558000 0.570672 0.582425 0.593352 0.603537 0.613050 0.621956 0.630308 0.638156 0.645543 0.652508 0.659083 0.665301 0.671189 0.676771 0.682070 0.687106 0.691897 0.696461 0.700811 0.704963 0.708929 0.712720 0.716348 0.719821 
0.000000 0.000000 0.000000 0.000000 0.000000 0.008798 0.054212 0.088865 0.119138 0.149936 0.177916 0.203625 0.228438 0.256317 0.290887 0.326017 0.358765 0.388602 0.415638 0.440139 0.462390 0.482656 0.501172 0.518141 0.533742 0.548125 0.561423 0.573750 0.585205 0.595874 0.605834 0.615150 0.623881 0.632078 0.639788 0.647051 0.653905 0.660380 0.666507 0.672313 0.677820 0.683050 0.688023 0.692757 0.697267 0.701569 0.705676 0.709600 0.713352 0.716944 0.720384 
0.000000 0.000000 0.000000 0.106843 0.177395 0.226321 0.264618 0.296561 0.274173 0.347889 0.369047 0.388131 0.405672 0.422027 0.437417 0.451961 0.465659 0.478449 0.490335 0.501385 0.511635 0.520818 0.527243 0.540690 0.552651 0.564030 0.574939 0.585361 0.595283 0.604704 0.613634 0.622092 0.630099 0.637680 0.644861 0.651665 0.658117 0.664241 0.670056 0.675585 0.680845 0.685854 0.690627 0.695180 0.699526 0.703679 0.707649 0.711448 0.715086 0.718571 0.721914 



pd=0.700000
0.000000 0.000000 0.000000 0.000000 0.000000 0.000000 0.000000 0.000000 0.000000 0.000004 0.008327 0.098298 0.166867 0.224594 0.273970 0.316670 0.353951 0.386775 0.415887 0.441877 0.465215 0.486283 0.505392 0.522799 0.538719 0.553330 0.566786 0.579214 0.590728 0.601421 0.611376 0.620666 0.629353 0.637492 0.645133 0.652319 0.659087 0.665472 0.671504 0.677212 0.682619 0.687747 0.692618 0.697248 0.701655 0.705854 0.709858 0.713680 0.717331 0.720823 0.724164 
0.000000 0.000000 0.000000 0.000000 0.000000 0.000000 0.000000 0.000000 0.000000 0.000001 0.002182 0.087520 0.157253 0.215343 0.265058 0.308078 0.345663 0.378774 0.408161 0.434412 0.458001 0.479308 0.498647 0.516274 0.532405 0.547219 0.560870 0.573487 0.585181 0.596049 0.606172 0.615624 0.624467 0.632758 0.640545 0.647871 0.654776 0.661293 0.667453 0.673284 0.678810 0.684055 0.689038 0.693777 0.698289 0.702591 0.706694 0.710612 0.714358 0.717940 0.721370 
0.000000 0.000000 0.000000 0.000000 0.000000 0.000000 0.000000 0.000000 0.000000 0.000002 0.005553 0.095026 0.162809 0.219868 0.268766 0.311132 0.348186 0.380863 0.409890 0.435843 0.459182 0.480279 0.499439 0.516914 0.532916 0.547620 0.561176 0.573711 0.585334 0.596141 0.606212 0.615618 0.624423 0.632679 0.640437 0.647738 0.654621 0.661120 0.667264 0.673082 0.678597 0.683832 0.688808 0.693541 0.698048 0.702346 0.706446 0.710363 0.714107 0.717690 0.721120 
0.000000 0.000000 0.000000 0.000000 0.000000 0.000000 0.000020 0.026977 0.064289 0.093826 0.115464 0.144597 0.198633 0.247470 0.290896 0.329361 0.363503 0.393933 0.421184 0.445705 0.467870 0.487992 0.506333 0.523113 0.538519 0.552708 0.565816 0.577959 0.589237 0.599738 0.609536 0.618699 0.627284 0.635343 0.642922 0.650061 0.656796 0.663159 0.669179 0.674883 0.680293 0.685431 0.690317 0.694967 0.699397 0.703622 0.707656 0.711510 0.715195 0.718723 0.722101 
0.000000 0.000000 0.000000 0.034055 0.112292 0.201572 0.259118 0.301422 0.334999 0.362770 0.386378 0.406861 0.405975 0.441029 0.455555 0.468762 0.480873 0.492077 0.502542 0.512419 0.521851 0.531006 0.540175 0.549872 0.560306 0.571000 0.581522 0.591671 0.601363 0.610572 0.619297 0.627554 0.635365 0.642754 0.649747 0.656369 0.662646 0.668601 0.674254 0.679626 0.684735 0.689600 0.694235 0.698655 0.702874 0.706905 0.710758 0.714445 0.717975 0.721358 0.724601 



