la=-1.000000
0.009337 0.449649 0.449807 0.449945 0.450070 0.450189 0.450308 0.450429 0.450554 0.450685 0.450824 0.450970 0.451126 0.451291 0.451466 0.451651 0.451847 0.452053 0.452272 0.452501 0.452743 0.452997 0.453264 0.453544 0.453838 0.454146 0.454468 0.454806 0.455159 0.455529 0.455916 0.456320 0.456744 0.457187 0.457650 0.458135 0.458643 0.459174 0.459730 0.460312 0.460923 0.461562 0.462232 0.462935 0.463673 0.464447 0.465260 0.466113 0.467011 0.467954 0.468947 
0.012238 0.600573 0.600641 0.600704 0.600766 0.600827 0.600890 0.600955 0.601025 0.601099 0.601178 0.601264 0.601356 0.601455 0.601561 0.601675 0.601796 0.601925 0.602063 0.602209 0.602363 0.602526 0.602698 0.602880 0.603070 0.603270 0.603480 0.603700 0.603929 0.604169 0.604420 0.604681 0.604954 0.605238 0.605533 0.605841 0.606160 0.606493 0.606838 0.607197 0.607569 0.607955 0.608356 0.608772 0.609202 0.609649 0.610112 0.610592 0.611089 0.611603 0.612136 
0.013665 0.674865 0.674905 0.674944 0.674981 0.675019 0.675058 0.675100 0.675144 0.675191 0.675242 0.675298 0.675358 0.675423 0.675493 0.675569 0.675650 0.675737 0.675830 0.675929 0.676034 0.676146 0.676264 0.676389 0.676520 0.676658 0.676803 0.676956 0.677115 0.677281 0.677455 0.677636 0.677825 0.678021 0.678225 0.678436 0.678655 0.678883 0.679118 0.679361 0.679613 0.679873 0.680141 0.680418 0.680703 0.680996 0.681299 0.681610 0.681929 0.682258 0.682595 



la=0.000000
0.009337 0.449640 0.449799 0.449942 0.450077 0.450210 0.450345 0.450485 0.450633 0.450789 0.450956 0.451134 0.451324 0.451526 0.451741 0.451969 0.452209 0.452462 0.452728 0.453007 0.453299 0.453603 0.453921 0.454251 0.454593 0.454948 0.455316 0.455696 0.456089 0.456494 0.456911 0.457340 0.457782 0.458237 0.458703 0.459182 0.459673 0.460176 0.460691 0.461219 0.461758 0.462310 0.462874 0.463449 0.464037 0.464636 0.465247 0.465870 0.466503 0.467148 0.467804 
0.012238 0.600569 0.600636 0.600699 0.600761 0.600824 0.600890 0.600960 0.601034 0.601115 0.601202 0.601297 0.601399 0.601510 0.601629 0.601756 0.601893 0.602039 0.602194 0.602358 0.602531 0.602714 0.602906 0.603107 0.603317 0.603537 0.603765 0.604003 0.604249 0.604504 0.604768 0.605040 0.605321 0.605610 0.605907 0.606212 0.606525 0.606845 0.607172 0.607507 0.607849 0.608198 0.608553 0.608914 0.609282 0.609655 0.610033 0.610416 0.610804 0.611196 0.611592 
0.013665 0.674864 0.674903 0.674940 0.674978 0.675016 0.675056 0.675098 0.675144 0.675194 0.675248 0.675307 0.675371 0.675441 0.675516 0.675598 0.675685 0.675779 0.675880 0.675987 0.676101 0.676221 0.676349 0.676483 0.676624 0.676771 0.676925 0.677086 0.677253 0.677427 0.677607 0.677793 0.677985 0.678183 0.678388 0.678597 0.678813 0.679033 0.679259 0.679489 0.679725 0.679965 0.680209 0.680457 0.680708 0.680963 0.681222 0.681483 0.681746 0.682011 0.682278 



la=1.000000
0.009337 0.449630 0.449791 0.449943 0.450094 0.450248 0.450409 0.450581 0.450766 0.450965 0.451180 0.451412 0.451661 0.451928 0.452211 0.452511 0.452828 0.453161 0.453508 0.453871 0.454247 0.454636 0.455037 0.455449 0.455872 0.456304 0.456744 0.457193 0.457647 0.458108 0.458574 0.459044 0.459517 0.459992 0.460468 0.460946 0.461423 0.461898 0.462372 0.462843 0.463311 0.463773 0.464231 0.464682 0.465126 0.465562 0.465990 0.466408 0.466815 0.467211 0.467595 
0.012238 0.600565 0.600630 0.600693 0.600757 0.600824 0.600895 0.600971 0.601055 0.601147 0.601247 0.601357 0.601476 0.601607 0.601747 0.601899 0.602062 0.602235 0.602419 0.602615 0.602820 0.603036 0.603262 0.603497 0.603742 0.603995 0.604256 0.604526 0.604802 0.605086 0.605376 0.605671 0.605972 0.606277 0.606586 0.606898 0.607213 0.607530 0.607849 0.608168 0.608488 0.608807 0.609125 0.609442 0.609755 0.610066 0.610373 0.610675 0.610973 0.611264 0.611549 
0.013665 0.674861 0.674899 0.674936 0.674974 0.675013 0.675055 0.675100 0.675149 0.675203 0.675262 0.675328 0.675399 0.675477 0.675562 0.675654 0.675754 0.675861 0.675975 0.676097 0.676227 0.676363 0.676507 0.676659 0.676817 0.676982 0.677153 0.677331 0.677515 0.677704 0.677899 0.678099 0.678303 0.678512 0.678724 0.678940 0.679159 0.679381 0.679604 0.679830 0.680056 0.680284 0.680511 0.680738 0.680965 0.681190 0.681413 0.681634 0.681852 0.682067 0.682278 



