pd=0.300000
0.000000 0.000000 0.000000 0.000000 0.000000 0.000000 0.000000 0.000000 0.000000 0.000000 0.000000 0.000000 0.031226 0.000000 0.000000 0.012042 0.011390 0.013166 0.011301 0.012091 0.007225 0.010572 0.008133 0.008339 0.007562 0.005566 0.006718 0.004866 0.006054 0.005822 0.005098 0.004945 0.004339 0.005783 0.004369 0.003953 0.004410 0.004271 0.003734 0.003839 0.003924 0.003951 0.003853 0.003584 0.003647 0.003198 0.003424 0.003396 0.003416 0.003201 0.003684 
0.000000 0.000000 0.000000 0.000000 0.000000 0.000000 0.000000 0.000000 0.000000 0.000000 0.000000 0.000000 0.054790 0.000000 0.020626 0.016593 0.011364 0.013713 0.009222 0.006924 0.007693 0.008016 0.007755 0.006954 0.007347 0.007146 0.006180 0.006092 0.004743 0.005707 0.005537 0.005423 0.004453 0.004275 0.004577 0.004955 0.004259 0.004052 0.004657 0.004327 0.004034 0.003990 0.003688 0.003222 0.003251 0.003391 0.003070 0.003266 0.002947 0.003742 0.003252 
0.000000 0.000000 0.000000 0.000000 0.000000 0.000000 0.000000 0.000000 0.000000 0.000000 0.086775 0.000000 0.041782 0.030424 0.021247 0.024100 0.014958 0.015358 0.011376 0.009200 0.008995 0.010379 0.007754 0.007148 0.007429 0.006206 0.006144 0.006887 0.005105 0.005878 0.005335 0.005984 0.004758 0.004978 0.004232 0.005076 0.004617 0.004285 0.003912 0.004159 0.004264 0.004242 0.003493 0.003629 0.003417 0.003219 0.003446 0.003316 0.003088 0.003105 0.002780 
0.000000 0.000000 0.000000 0.000000 0.035584 0.122228 0.242363 0.236105 0.235298 0.090739 0.074908 0.043365 0.031929 0.022475 0.012393 0.017984 0.012884 0.012712 0.012097 0.009427 0.009139 0.007998 0.009738 0.006397 0.006308 0.007280 0.006546 0.005622 0.005661 0.005124 0.006142 0.005235 0.004872 0.004698 0.005836 0.004512 0.003959 0.003071 0.004028 0.003460 0.003268 0.003433 0.003233 0.003980 0.004042 0.003132 0.003243 0.003394 0.003003 0.003454 0.003120 
0.000000 0.000000 0.000000 0.080468 0.209219 0.266143 0.417487 0.095211 0.118024 0.088641 0.057294 0.042083 0.035965 0.024388 0.022324 0.021866 0.017552 0.013260 0.012614 0.011055 0.009922 0.007355 0.008530 0.007014 0.007216 0.006297 0.005360 0.005243 0.005306 0.003831 0.004307 0.004115 0.004767 0.004844 0.004866 0.004156 0.004904 0.003913 0.004014 0.003205 0.004295 0.004208 0.003631 0.003076 0.003245 0.003293 0.003531 0.002888 0.002865 0.003143 0.003506 



pd=0.500000
0.000000 0.000000 0.000000 0.000000 0.000000 0.000000 0.000000 0.000000 0.000000 0.000000 0.000000 0.000000 0.000000 0.021430 0.017458 0.012792 0.011890 0.014406 0.008816 0.008299 0.008662 0.007118 0.007888 0.007039 0.007268 0.007988 0.006439 0.005220 0.004961 0.005278 0.005245 0.004255 0.005395 0.004126 0.004022 0.004372 0.003862 0.003895 0.004853 0.003708 0.003964 0.003454 0.004173 0.003998 0.003465 0.003440 0.003394 0.002975 0.002560 0.002920 0.003252 
0.000000 0.000000 0.000000 0.000000 0.000000 0.000000 0.000000 0.000000 0.000000 0.000000 0.000000 0.022925 0.020783 0.030366 0.018753 0.018129 0.014817 0.013610 0.008328 0.008269 0.007490 0.008249 0.006947 0.007042 0.006284 0.007181 0.005321 0.005064 0.005853 0.004329 0.005527 0.004685 0.005233 0.005485 0.004982 0.004665 0.004216 0.004405 0.003996 0.003809 0.004347 0.003455 0.003252 0.003464 0.003147 0.003212 0.003462 0.003344 0.003326 0.003001 0.003075 
0.000000 0.000000 0.000000 0.000000 0.000000 0.000000 0.000000 0.000000 0.000000 0.000000 0.000000 0.020997 0.039635 0.023307 0.033855 0.016293 0.012802 0.014776 0.008014 0.011925 0.010177 0.009389 0.010029 0.006256 0.007422 0.005391 0.004869 0.006000 0.004998 0.005752 0.005676 0.006383 0.005830 0.003900 0.004022 0.004198 0.004034 0.004064 0.003875 0.004159 0.003549 0.004046 0.004296 0.003210 0.003813 0.003746 0.003943 0.003669 0.003482 0.002848 0.003164 
0.000000 0.000000 0.000000 0.040916 0.096168 0.193236 0.165446 0.164953 0.137818 0.076089 0.116174 0.046458 0.031636 0.022328 0.018478 0.016893 0.011589 0.008220 0.008558 0.006921 0.008261 0.007688 0.007627 0.009800 0.007697 0.005286 0.005924 0.005227 0.005184 0.004992 0.004896 0.004465 0.005024 0.004538 0.003991 0.004534 0.005386 0.003681 0.003835 0.004273 0.003534 0.003678 0.003710 0.003567 0.003556 0.003531 0.003443 0.003568 0.002910 0.003154 0.002806 
0.000000 0.000000 0.000000 0.156441 0.154040 0.144240 0.166643 0.073974 0.063496 0.044693 0.047709 0.041794 0.040787 0.034324 0.025824 0.024828 0.015026 0.013653 0.014927 0.011077 0.008558 0.007432 0.007453 0.007124 0.005898 0.006354 0.005293 0.004275 0.004635 0.005134 0.005588 0.003714 0.004387 0.004358 0.003883 0.003761 0.004416 0.003902 0.003779 0.003829 0.003606 0.003614 0.003326 0.003620 0.003246 0.003133 0.002550 0.003209 0.003129 0.002890 0.002688 



pd=0.700000
0.000000 0.000000 0.000000 0.000000 0.000000 0.000000 0.000000 0.000000 0.000000 0.060505 0.000000 0.039036 0.037552 0.028993 0.025247 0.013616 0.019264 0.011835 0.010988 0.008525 0.010979 0.008338 0.006857 0.005867 0.007140 0.005097 0.005077 0.006942 0.005068 0.005091 0.004636 0.003957 0.004361 0.005428 0.004104 0.004137 0.004292 0.003438 0.003552 0.003179 0.003256 0.003398 0.003068 0.003809 0.003672 0.003301 0.003101 0.003300 0.002859 0.002966 0.003583 
0.000000 0.000000 0.000000 0.000000 0.000000 0.000000 0.000000 0.000000 0.000000 0.000000 0.041011 0.000000 0.015556 0.020894 0.013791 0.018548 0.015569 0.010207 0.012221 0.010652 0.009738 0.009593 0.008110 0.007312 0.006480 0.007009 0.005452 0.005787 0.005253 0.004816 0.005019 0.005691 0.005225 0.004591 0.003764 0.004312 0.004460 0.003415 0.004240 0.003272 0.003937 0.003442 0.003214 0.003538 0.003352 0.003020 0.002978 0.003708 0.002978 0.002676 0.003020 
0.000000 0.000000 0.000000 0.000000 0.000000 0.000000 0.000000 0.000000 0.000000 0.000000 0.000000 0.067329 0.040952 0.021013 0.019119 0.012738 0.013643 0.011409 0.011173 0.011136 0.008281 0.011692 0.007374 0.005924 0.007079 0.005450 0.006299 0.006361 0.004658 0.005592 0.005024 0.004475 0.005369 0.004323 0.004063 0.004015 0.004069 0.004796 0.003769 0.004078 0.003614 0.003282 0.004130 0.004054 0.003182 0.002908 0.003645 0.003385 0.003067 0.003111 0.003047 
0.000000 0.000000 0.060012 0.079657 0.103562 0.093832 0.133270 0.104227 0.121175 0.089384 0.052064 0.043629 0.042481 0.022975 0.019286 0.012439 0.016169 0.009729 0.013720 0.009351 0.008145 0.008746 0.008040 0.006201 0.007936 0.006800 0.004947 0.005692 0.004267 0.005455 0.005157 0.005121 0.004284 0.004351 0.004487 0.004766 0.003675 0.003214 0.003824 0.004361 0.003096 0.003392 0.003504 0.003557 0.003095 0.003689 0.002720 0.003100 0.002973 0.002805 0.002696 
0.000000 0.000000 0.106855 0.137959 0.309934 0.180836 0.098403 0.120802 0.083813 0.063749 0.073517 0.063651 0.044404 0.031841 0.023978 0.020412 0.020080 0.014083 0.011646 0.010091 0.008762 0.010099 0.008875 0.008065 0.006229 0.007090 0.005871 0.006442 0.005138 0.004703 0.006029 0.004803 0.003796 0.004529 0.003448 0.004111 0.003998 0.002991 0.003371 0.004000 0.004055 0.003087 0.003085 0.003146 0.003376 0.003001 0.003304 0.002770 0.002907 0.003202 0.003052 



