0.7
0.000000 0.000000 0.000000 0.000000 0.000000 0.000000 0.000000 0.000000 0.000000 0.000000 0.000000 0.000000 0.000000 0.000000 0.284996 0.000000 0.356399 0.389122 0.412357 0.439992 0.463981 0.483593 0.502988 0.518415 0.535300 0.549188 0.563361 0.574821 0.586150 0.598620 0.605959 0.614564 0.624447 0.633022 0.640702 0.649861 0.654936 0.660447 0.667313 0.673819 0.679104 0.684076 0.689117 0.692737 0.697892 0.702199 0.706073 0.709896 0.714568 0.717496 0.719837 
0.000000 0.000000 0.000000 0.000000 0.000000 0.000000 0.000000 0.000000 0.000000 0.000000 0.000000 0.000000 0.000000 0.000000 0.261963 0.310199 0.342080 0.376583 0.406982 0.431243 0.455657 0.472524 0.496565 0.513664 0.531083 0.543941 0.557614 0.568907 0.581798 0.592706 0.602779 0.612490 0.621660 0.629193 0.637972 0.645975 0.650507 0.658326 0.665448 0.670807 0.675827 0.681102 0.686503 0.691176 0.696265 0.700665 0.704276 0.707525 0.712983 0.715906 0.719820 
0.000000 0.000000 0.000000 0.000000 0.000000 0.000000 0.000000 0.000000 0.000000 0.000000 0.000000 0.084624 0.144593 0.211997 0.257478 0.302473 0.336109 0.372031 0.396950 0.427325 0.452018 0.470692 0.494052 0.507655 0.527300 0.540176 0.553473 0.567101 0.578602 0.591820 0.602338 0.610616 0.617511 0.625167 0.634585 0.642647 0.648670 0.658211 0.664296 0.669876 0.675155 0.680449 0.685467 0.689635 0.695243 0.698311 0.702720 0.707146 0.710887 0.714894 0.717977 
0.000000 0.000000 0.000000 0.000662 0.005237 0.013783 0.039883 0.055917 0.093388 0.125955 0.162038 0.204346 0.236028 0.271288 0.296789 0.331978 0.361547 0.386447 0.409764 0.437057 0.459665 0.481095 0.497746 0.511217 0.527976 0.541031 0.556873 0.568860 0.582196 0.591144 0.600436 0.610634 0.619948 0.628376 0.632342 0.641678 0.649129 0.656670 0.662521 0.667931 0.674199 0.679498 0.683304 0.689498 0.694683 0.698315 0.701854 0.706994 0.710354 0.713119 0.718573 
0.000000 0.000000 0.000000 0.000000 0.024849 0.113229 0.136478 0.189911 0.220085 0.249498 0.282046 0.308394 0.329958 0.355961 0.374655 0.399253 0.415836 0.434596 0.450989 0.465751 0.486017 0.502031 0.516180 0.526900 0.541596 0.553371 0.565379 0.577095 0.585959 0.599543 0.606011 0.614903 0.623577 0.633184 0.638395 0.644658 0.650696 0.658502 0.664480 0.670085 0.675440 0.681055 0.685189 0.688930 0.695074 0.699694 0.704063 0.707702 0.711369 0.714250 0.718502 

0.5
0.000000 0.000000 0.000000 0.000000 0.000000 0.000000 0.000000 0.000000 0.000000 0.000000 0.000000 0.000000 0.000000 0.299640 0.000000 0.360717 0.387914 0.417831 0.439096 0.462617 0.484415 0.499436 0.518789 0.531908 0.547867 0.560803 0.575500 0.584597 0.596584 0.606610 0.615012 0.625095 0.633349 0.641941 0.646924 0.656512 0.660639 0.667193 0.674257 0.679927 0.684501 0.688409 0.693333 0.698449 0.703118 0.706159 0.711560 0.714186 0.717917 0.721250 0.724594 
0.000000 0.000000 0.000000 0.000000 0.000000 0.000000 0.000000 0.000000 0.000000 0.000000 0.000000 0.000000 0.000000 0.248515 0.000000 0.325898 0.355735 0.390756 0.414380 0.442280 0.465039 0.484509 0.505015 0.521222 0.536055 0.548130 0.564438 0.573795 0.586591 0.597199 0.608180 0.618140 0.623602 0.632798 0.640476 0.648882 0.653905 0.660828 0.667764 0.673099 0.679384 0.682933 0.689027 0.693707 0.697339 0.701702 0.707202 0.710505 0.714616 0.718253 0.720678 
0.000000 0.000000 0.000000 0.000000 0.000000 0.000000 0.000000 0.000000 0.000000 0.000000 0.000000 0.097533 0.157048 0.216651 0.263370 0.305411 0.338857 0.376374 0.405138 0.431121 0.452425 0.474604 0.495645 0.510708 0.527248 0.542684 0.559585 0.569616 0.582944 0.592987 0.602191 0.613429 0.621666 0.631312 0.638277 0.643715 0.651007 0.658492 0.665695 0.670433 0.676094 0.680792 0.686415 0.692099 0.696920 0.700239 0.704917 0.707959 0.712586 0.716663 0.719003 
0.000000 0.000000 0.000000 0.007628 0.018450 0.035216 0.062666 0.095056 0.135614 0.166648 0.196240 0.235723 0.267483 0.304726 0.329380 0.360323 0.385319 0.408472 0.433691 0.454983 0.475773 0.490263 0.508871 0.526343 0.539666 0.553225 0.564982 0.577272 0.588505 0.598632 0.607947 0.616768 0.624256 0.633353 0.640860 0.646458 0.653299 0.659962 0.667527 0.672736 0.678164 0.681706 0.687417 0.692517 0.696593 0.700402 0.704580 0.709235 0.712043 0.716360 0.719588 
0.000000 0.000000 0.013295 0.036720 0.108258 0.158909 0.227242 0.243752 0.292501 0.313274 0.344576 0.367139 0.387257 0.407697 0.427372 0.444613 0.458710 0.476287 0.492836 0.507509 0.520420 0.528301 0.543602 0.554728 0.565686 0.577412 0.587858 0.596181 0.605690 0.613892 0.622397 0.629773 0.636988 0.644210 0.650825 0.656290 0.661606 0.667789 0.673190 0.678694 0.682898 0.688169 0.692853 0.697124 0.701320 0.705117 0.708644 0.712503 0.715244 0.718989 0.721706 


0.3
0.000000 0.000000 0.000000 0.000000 0.000000 0.000000 0.000000 0.000000 0.000000 0.000000 0.000000 0.000000 0.000000 0.000000 0.284996 0.000000 0.356399 0.389122 0.412357 0.439992 0.463981 0.483593 0.502988 0.518415 0.535300 0.549188 0.563361 0.574821 0.586150 0.598620 0.605959 0.614564 0.624447 0.633022 0.640702 0.649861 0.654936 0.660447 0.667313 0.673819 0.679104 0.684076 0.689117 0.692737 0.697892 0.702199 0.706073 0.709896 0.714568 0.717496 0.719837 
0.000000 0.000000 0.000000 0.000000 0.000000 0.000000 0.000000 0.000000 0.000000 0.000000 0.000000 0.000000 0.000000 0.000000 0.261963 0.310199 0.342080 0.376583 0.406982 0.431243 0.455657 0.472524 0.496565 0.513664 0.531083 0.543941 0.557614 0.568907 0.581798 0.592706 0.602779 0.612490 0.621660 0.629193 0.637972 0.645975 0.650507 0.658326 0.665448 0.670807 0.675827 0.681102 0.686503 0.691176 0.696265 0.700665 0.704276 0.707525 0.712983 0.715906 0.719820 
0.000000 0.000000 0.000000 0.000000 0.000000 0.000000 0.000000 0.000000 0.000000 0.000000 0.000000 0.084624 0.144593 0.211997 0.257478 0.302473 0.336109 0.372031 0.396950 0.427325 0.452018 0.470692 0.494052 0.507655 0.527300 0.540176 0.553473 0.567101 0.578602 0.591820 0.602338 0.610616 0.617511 0.625167 0.634585 0.642647 0.648670 0.658211 0.664296 0.669876 0.675155 0.680449 0.685467 0.689635 0.695243 0.698311 0.702720 0.707146 0.710887 0.714894 0.717977 
0.000000 0.000000 0.000000 0.000662 0.005237 0.013783 0.039883 0.055917 0.093388 0.125955 0.162038 0.204346 0.236028 0.271288 0.296789 0.331978 0.361547 0.386447 0.409764 0.437057 0.459665 0.481095 0.497746 0.511217 0.527976 0.541031 0.556873 0.568860 0.582196 0.591144 0.600436 0.610634 0.619948 0.628376 0.632342 0.641678 0.649129 0.656670 0.662521 0.667931 0.674199 0.679498 0.683304 0.689498 0.694683 0.698315 0.701854 0.706994 0.710354 0.713119 0.718573 
0.000000 0.000000 0.000000 0.000000 0.024849 0.113229 0.136478 0.189911 0.220085 0.249498 0.282046 0.308394 0.329958 0.355961 0.374655 0.399253 0.415836 0.434596 0.450989 0.465751 0.486017 0.502031 0.516180 0.526900 0.541596 0.553371 0.565379 0.577095 0.585959 0.599543 0.606011 0.614903 0.623577 0.633184 0.638395 0.644658 0.650696 0.658502 0.664480 0.670085 0.675440 0.681055 0.685189 0.688930 0.695074 0.699694 0.704063 0.707702 0.711369 0.714250 0.718502 