pd=0.000000
0.000000 0.000000 0.000000 0.000000 0.000000 0.000000 0.000000 0.000000 0.000000 0.000000 0.000000 0.000000 0.045800 0.028990 0.023160 0.021487 0.015690 0.014278 0.008490 0.013446 0.009163 0.008335 0.008120 0.008455 0.009237 0.006443 0.007563 0.008830 0.006040 0.005818 0.005383 0.005269 0.004935 0.005172 0.004647 0.004804 0.004984 0.003816 0.003903 0.003887 0.003683 0.003788 0.003703 0.003708 0.003872 0.003414 0.004163 0.003571 0.003425 0.003372 0.003217 
0.000000 0.000000 0.000000 0.000000 0.000000 0.000000 0.000000 0.000000 0.000000 0.000000 0.000000 0.000000 0.069408 0.000000 0.000000 0.024355 0.012404 0.011865 0.012888 0.010733 0.007333 0.009493 0.008390 0.006988 0.007522 0.007691 0.007496 0.005626 0.005750 0.004972 0.003913 0.004363 0.004641 0.005663 0.004429 0.004834 0.004678 0.003644 0.003073 0.003599 0.004049 0.003817 0.003467 0.003704 0.003342 0.003746 0.003125 0.003739 0.003839 0.003573 0.002905 
0.000000 0.000000 0.000000 0.000000 0.000000 0.000000 0.000000 0.000000 0.000000 0.000000 0.000000 0.000000 0.000000 0.000000 0.000000 0.013793 0.012907 0.010934 0.010856 0.011115 0.007838 0.010540 0.008100 0.007375 0.006729 0.007902 0.007284 0.006051 0.007076 0.006532 0.003484 0.004664 0.005742 0.004968 0.004899 0.004167 0.003740 0.004375 0.003629 0.003609 0.003229 0.003763 0.004199 0.003758 0.003583 0.003208 0.003336 0.003525 0.003562 0.003328 0.002794 
0.000000 0.000000 0.000000 0.000000 0.000000 0.000000 0.000000 0.000000 0.000000 0.000000 0.000000 0.037297 0.020289 0.020791 0.019005 0.017316 0.010531 0.010787 0.011751 0.009441 0.007067 0.010059 0.008171 0.006737 0.007947 0.007306 0.006003 0.005535 0.005105 0.005354 0.004995 0.004977 0.004673 0.005450 0.005657 0.004675 0.003795 0.004183 0.003646 0.003849 0.003962 0.003938 0.003574 0.003557 0.003517 0.003085 0.003244 0.003491 0.003455 0.002929 0.002793 
0.000000 0.000000 0.000000 0.000000 0.000000 0.000000 0.000000 0.000000 0.000000 0.301554 0.056594 0.034802 0.027497 0.029166 0.020012 0.012705 0.015933 0.008799 0.013154 0.007465 0.009936 0.009158 0.008319 0.007444 0.007498 0.007158 0.005481 0.004663 0.003979 0.005701 0.006467 0.004021 0.004856 0.004738 0.003794 0.003976 0.003876 0.004066 0.004552 0.003634 0.003593 0.003642 0.003545 0.003044 0.003238 0.003173 0.002933 0.003806 0.003206 0.002896 0.003376 



pd=1.100000
0.000000 0.000000 0.000000 0.000000 0.000000 0.000000 0.000000 0.000000 0.000000 0.000000 0.000000 0.000000 0.044304 0.033405 0.016080 0.021953 0.015149 0.012008 0.014993 0.010985 0.008303 0.008555 0.010078 0.008135 0.008603 0.006495 0.008243 0.006888 0.006278 0.005556 0.005749 0.005558 0.004977 0.004683 0.004370 0.005032 0.004992 0.004199 0.004317 0.004174 0.003746 0.003666 0.003834 0.003876 0.003515 0.003523 0.002889 0.003012 0.003645 0.003152 0.003147 
0.000000 0.000000 0.000000 0.000000 0.000000 0.000000 0.000000 0.000000 0.000000 0.000000 0.000000 0.044558 0.030615 0.000000 0.027440 0.015379 0.016334 0.015441 0.012737 0.009054 0.009797 0.008718 0.007570 0.007968 0.005319 0.007946 0.006564 0.005528 0.005708 0.004808 0.005231 0.005189 0.005763 0.004082 0.004810 0.005149 0.004853 0.004023 0.003946 0.004040 0.003654 0.004618 0.003770 0.003285 0.003968 0.003722 0.003751 0.003044 0.002939 0.002991 0.003231 
0.000000 0.000000 0.000000 0.000000 0.000000 0.000000 0.000000 0.000000 0.000000 0.000000 0.000000 0.000000 0.000000 0.032778 0.013747 0.015463 0.016234 0.009622 0.014284 0.008236 0.011188 0.007978 0.008385 0.009319 0.007442 0.005655 0.005942 0.006446 0.005442 0.006428 0.004683 0.004618 0.005003 0.004354 0.004448 0.004154 0.004022 0.004391 0.004480 0.004162 0.003720 0.003540 0.003323 0.003801 0.003269 0.003865 0.003232 0.003230 0.003403 0.003355 0.003412 
0.000000 0.000000 0.000000 0.000000 0.000000 0.000000 0.000000 0.000000 0.000000 0.000000 0.000000 0.000000 0.033492 0.026459 0.018826 0.013317 0.015350 0.009190 0.016798 0.009716 0.009633 0.008380 0.006135 0.006522 0.006320 0.006688 0.006288 0.006480 0.005469 0.004208 0.005500 0.004708 0.004789 0.004477 0.004039 0.004049 0.004277 0.003965 0.003687 0.003550 0.003883 0.003208 0.003388 0.003731 0.003327 0.003223 0.003296 0.003158 0.002909 0.003004 0.002965 
0.000000 0.000000 0.000000 0.000000 0.000000 0.000000 0.000000 0.000000 0.000000 0.000000 0.077542 0.034885 0.024853 0.020770 0.014863 0.014703 0.008704 0.013262 0.011536 0.009713 0.007719 0.010980 0.006854 0.005759 0.007673 0.007174 0.005002 0.004298 0.004347 0.005384 0.004485 0.004479 0.004779 0.004219 0.003753 0.004745 0.004044 0.003434 0.003688 0.003377 0.003795 0.003445 0.004034 0.003376 0.003350 0.003206 0.003494 0.003183 0.002986 0.003589 0.002656 



pd=1.100000
0.000000 0.000000 0.000000 0.000000 0.000000 0.000000 0.000000 0.109072 0.031679 0.053300 0.040396 0.037515 0.025627 0.027114 0.013006 0.020056 0.016644 0.014754 0.013213 0.010406 0.012178 0.009038 0.010376 0.007401 0.006450 0.006880 0.006541 0.006897 0.006728 0.005226 0.005974 0.004644 0.004856 0.005715 0.004410 0.004378 0.005070 0.004274 0.003670 0.004468 0.003453 0.004848 0.003267 0.003243 0.003260 0.003040 0.003500 0.003011 0.002915 0.003155 0.002581 
0.000000 0.000000 0.000000 0.000000 0.019336 0.020905 0.026370 0.048111 0.048295 0.073978 0.059949 0.034673 0.030876 0.028080 0.018169 0.018025 0.017766 0.008540 0.010910 0.012601 0.011393 0.008413 0.010927 0.007860 0.006471 0.006251 0.005513 0.005919 0.005925 0.005759 0.005157 0.004467 0.004891 0.004950 0.004522 0.003342 0.004413 0.004196 0.004137 0.004541 0.003094 0.003382 0.004113 0.003938 0.003589 0.003240 0.003167 0.003106 0.002999 0.003515 0.002945 
0.000000 0.000000 0.000000 0.000000 0.028663 0.015099 0.030715 0.051881 0.050167 0.072881 0.034991 0.027630 0.036504 0.020178 0.020051 0.013051 0.013529 0.012691 0.011954 0.008565 0.008146 0.010004 0.007621 0.007193 0.006669 0.006363 0.005700 0.005045 0.005110 0.005106 0.004539 0.006825 0.004857 0.004777 0.004366 0.004368 0.004980 0.003777 0.003148 0.004197 0.003923 0.003546 0.003287 0.003523 0.004557 0.002633 0.003208 0.002996 0.002974 0.003497 0.003592 
0.000000 0.000000 0.000000 0.017817 0.032154 0.018901 0.018230 0.067814 0.047797 0.046717 0.042316 0.031571 0.025787 0.013497 0.011871 0.014479 0.017421 0.013424 0.007737 0.006959 0.008272 0.010408 0.006369 0.006001 0.006666 0.006438 0.006527 0.005374 0.004515 0.005603 0.004925 0.004354 0.004763 0.005057 0.004240 0.003956 0.004166 0.003650 0.004077 0.003558 0.003762 0.003567 0.003915 0.003769 0.003476 0.003613 0.003581 0.002904 0.002758 0.003419 0.002399 
0.000000 0.000000 0.048102 0.016887 0.023077 0.024896 0.026153 0.031012 0.066613 0.045117 0.041512 0.017733 0.028544 0.022344 0.016681 0.015127 0.011587 0.012036 0.011243 0.009971 0.007613 0.007898 0.008256 0.006875 0.007410 0.006916 0.005734 0.005399 0.005072 0.005205 0.005372 0.003964 0.003593 0.004254 0.004379 0.003776 0.003498 0.003835 0.003855 0.003892 0.003688 0.003848 0.002817 0.003600 0.003361 0.003240 0.003378 0.003631 0.003270 0.002709 0.002691 



