la=-1.000000
0.000000 0.000000 0.000000 0.000000 0.000000 0.000000 0.000000 0.000000 0.000000 0.000000 0.000000 0.000000 0.000000 0.004571 0.005327 0.005944 0.006340 0.007419 0.008050 0.008543 0.009096 0.009497 0.010184 0.010388 0.010745 0.010991 0.011253 0.011317 0.011671 0.011995 0.011833 0.012296 0.012739 0.012731 0.012799 0.013036 0.013211 0.013248 0.013442 0.013475 0.013623 0.013853 0.013906 0.013904 0.013933 0.014155 0.014228 0.014359 0.014354 0.014479 0.014583 
0.000000 0.000000 0.000000 0.000000 0.000000 0.000000 0.000000 0.000000 0.000000 0.000000 0.000000 0.000000 0.000000 0.000000 0.000000 0.303388 0.338125 0.370801 0.398764 0.429495 0.455872 0.475073 0.494886 0.510010 0.527059 0.541432 0.556576 0.567700 0.581869 0.593243 0.603664 0.612069 0.620144 0.630056 0.636907 0.644425 0.649929 0.658088 0.665427 0.670145 0.676989 0.679945 0.687425 0.690194 0.694869 0.699763 0.703862 0.708356 0.712401 0.714707 0.719900 
0.000000 0.000000 0.000000 0.000000 0.000000 0.000000 0.000000 0.000000 0.000000 0.000000 0.092962 0.141181 0.185239 0.238786 0.279502 0.327962 0.358638 0.389071 0.416153 0.438324 0.465403 0.481751 0.504061 0.521561 0.538147 0.548308 0.564508 0.575520 0.587164 0.599091 0.609061 0.619397 0.625733 0.635184 0.641793 0.647498 0.656032 0.661850 0.669076 0.674410 0.680423 0.685106 0.690683 0.694784 0.700590 0.703110 0.707503 0.711008 0.714440 0.719610 0.722047 



la=0.000000
0.000000 0.000000 0.000000 0.000000 0.000000 0.000000 0.000000 0.000000 0.000000 0.000000 0.000000 0.000000 0.000000 0.005031 0.004827 0.000000 0.006681 0.007262 0.008373 0.009033 0.008981 0.009763 0.009783 0.010293 0.010913 0.011037 0.011316 0.011527 0.011584 0.012094 0.012477 0.012562 0.012604 0.012626 0.012715 0.012922 0.013015 0.013286 0.013422 0.013643 0.013693 0.013622 0.013794 0.013880 0.013849 0.014062 0.014209 0.014268 0.014328 0.014455 0.014451 
0.000000 0.000000 0.000000 0.000000 0.000000 0.000000 0.000000 0.000000 0.000000 0.000000 0.009599 0.092045 0.143199 0.209783 0.259187 0.305577 0.337434 0.374992 0.400512 0.428166 0.452218 0.475422 0.497937 0.511301 0.527887 0.541831 0.558287 0.567469 0.578474 0.592303 0.599935 0.611580 0.620341 0.629107 0.636327 0.644988 0.650236 0.656830 0.664385 0.669420 0.675810 0.680369 0.685076 0.690081 0.695301 0.698171 0.702974 0.707303 0.710888 0.715203 0.718355 
0.000000 0.000000 0.000000 0.000000 0.000000 0.000000 0.000000 0.000000 0.000000 0.000000 0.000000 0.109520 0.179043 0.232258 0.270140 0.320962 0.347730 0.383108 0.412256 0.439851 0.466302 0.483870 0.504626 0.519316 0.535353 0.549749 0.562708 0.575753 0.587742 0.598694 0.608256 0.618319 0.625950 0.633923 0.641624 0.649733 0.655814 0.662610 0.668700 0.674714 0.680107 0.684208 0.689191 0.694475 0.698876 0.703019 0.706259 0.711386 0.714997 0.717639 0.720466 



la=1.000000
0.000000 0.000000 0.000000 0.000000 0.000000 0.000000 0.000000 0.000000 0.000000 0.000000 0.000000 0.000000 0.000000 0.005154 0.005822 0.005803 0.006533 0.007506 0.007864 0.008681 0.009474 0.009213 0.009931 0.009962 0.010577 0.010999 0.011176 0.011599 0.011826 0.011977 0.012121 0.012242 0.012535 0.012660 0.012796 0.012979 0.013115 0.013283 0.013449 0.013716 0.013644 0.013768 0.014099 0.013927 0.014186 0.013915 0.014327 0.014212 0.014352 0.014356 0.014404 
0.000000 0.000000 0.000000 0.001498 0.002739 0.005870 0.009212 0.012589 0.022759 0.039522 0.078084 0.125981 0.178629 0.220602 0.264811 0.309541 0.340801 0.375627 0.407998 0.432699 0.456949 0.471709 0.495447 0.510048 0.526626 0.542733 0.556972 0.567326 0.578770 0.591305 0.601664 0.611496 0.619870 0.628958 0.636586 0.643747 0.650482 0.656248 0.661388 0.668823 0.674881 0.679953 0.686526 0.690391 0.696035 0.698794 0.703479 0.707681 0.711916 0.714681 0.719187 
0.000000 0.000000 0.002216 0.003406 0.006002 0.009146 0.013159 0.021000 0.030713 0.052535 0.097187 0.147463 0.196566 0.248061 0.288198 0.324052 0.355877 0.395054 0.418113 0.444621 0.469842 0.487938 0.508188 0.522282 0.537553 0.552316 0.566262 0.577480 0.589254 0.600219 0.608219 0.619536 0.625860 0.635412 0.642803 0.650273 0.655365 0.662055 0.669324 0.674833 0.680264 0.683827 0.689468 0.693762 0.698335 0.702723 0.707405 0.710820 0.713351 0.718102 0.721587 



