la=-1.000000
0.000000 0.000000 0.000000 0.000000 0.000000 0.000000 0.000000 0.000000 0.000000 0.000000 0.000000 0.000000 0.000000 0.000000 0.000000 0.000000 0.000000 0.000000 0.000000 0.000000 0.000000 0.000000 0.000000 0.000000 0.000000 0.000000 0.000000 0.000000 0.000000 0.104064 0.123807 0.160551 0.172501 0.202903 0.219758 0.244557 0.264401 0.278306 0.295478 0.320029 0.324812 0.343957 0.354079 0.367546 0.378472 0.393146 0.408906 0.416507 0.425044 0.435499 0.446941 
0.000000 0.000000 0.000000 0.000000 0.000000 0.000000 0.000000 0.000000 0.000000 0.000000 0.000000 0.000000 0.000000 0.000000 0.000000 0.000000 0.000000 0.000000 0.000000 0.000000 0.000000 0.000000 0.000000 0.000000 0.000000 0.000000 0.023344 0.041881 0.089895 0.122685 0.144975 0.177050 0.191852 0.216511 0.237126 0.257272 0.275426 0.288731 0.305172 0.321368 0.338473 0.000000 0.366977 0.377445 0.391524 0.399526 0.407571 0.421300 0.428979 0.443600 0.454335 
0.000000 0.000000 0.000000 0.000000 0.000000 0.000000 0.000000 0.000000 0.000000 0.000000 0.000000 0.000000 0.000000 0.000000 0.000000 0.000000 0.000000 0.000000 0.000000 0.000000 0.000000 0.000000 0.000000 0.000000 0.000000 0.000000 0.000000 0.000000 0.099113 0.128173 0.154821 0.178748 0.203066 0.222358 0.244267 0.260669 0.289612 0.293465 0.308667 0.329660 0.338571 0.353584 0.371020 0.383932 0.399183 0.401358 0.417758 0.428483 0.435549 0.444727 0.453111 
0.000000 0.000000 0.000000 0.000000 0.000000 0.000000 0.000000 0.000000 0.000000 0.000000 0.000000 0.000000 0.000000 0.000000 0.000000 0.000000 0.000000 0.000000 0.000000 0.000000 0.000000 0.000000 0.000000 0.000000 0.000000 0.000000 0.000000 0.000000 0.122472 0.000000 0.163963 0.193923 0.211547 0.235623 0.253364 0.267947 0.287934 0.300178 0.322816 0.335379 0.346741 0.363083 0.373409 0.383333 0.399907 0.410757 0.422745 0.433683 0.440310 0.450817 0.462042 
0.000000 0.000000 0.000000 0.000000 0.000000 0.000000 0.000000 0.000000 0.000000 0.000000 0.000000 0.000000 0.000000 0.000000 0.000000 0.000000 0.000000 0.000000 0.000000 0.000000 0.000000 0.000000 0.000000 0.000000 0.000000 0.000000 0.072857 0.000000 0.000000 0.169184 0.183689 0.000000 0.223731 0.246822 0.266184 0.279792 0.300177 0.313067 0.330407 0.349749 0.361134 0.376078 0.390422 0.397323 0.408882 0.419814 0.431296 0.441324 0.446017 0.460006 0.466264 


la=0.000000
0.000000 0.000000 0.000000 0.000000 0.000000 0.000000 0.000000 0.000000 0.000000 0.000000 0.000000 0.000000 0.000000 0.000000 0.000000 0.000000 0.000000 0.000000 0.000000 0.000000 0.000000 0.000000 0.000000 0.000000 0.000000 0.000000 0.000000 0.000000 0.081940 0.107591 0.125815 0.161753 0.177142 0.200960 0.233697 0.239568 0.259248 0.280034 0.295581 0.317482 0.330450 0.347185 0.359398 0.371268 0.381773 0.388975 0.405607 0.417592 0.426165 0.437241 0.448788 
0.000000 0.000000 0.000000 0.000000 0.000000 0.000000 0.000000 0.000000 0.000000 0.000000 0.000000 0.000000 0.000000 0.000000 0.000000 0.000000 0.000000 0.000000 0.000000 0.000000 0.000000 0.000000 0.000000 0.000000 0.000000 0.000000 0.000000 0.058634 0.000000 0.128545 0.148892 0.174784 0.194366 0.216878 0.242502 0.255798 0.275216 0.293002 0.305197 0.322637 0.335266 0.351966 0.368832 0.375766 0.391354 0.396905 0.410828 0.419532 0.430771 0.440096 0.451871 
0.000000 0.000000 0.000000 0.000000 0.000000 0.000000 0.000000 0.000000 0.000000 0.000000 0.000000 0.000000 0.000000 0.000000 0.000000 0.000000 0.000000 0.000000 0.000000 0.000000 0.000000 0.000000 0.000000 0.000000 0.000000 0.001405 0.033048 0.000000 0.103021 0.134718 0.154870 0.185266 0.200147 0.225781 0.246854 0.263681 0.283411 0.293620 0.313168 0.331772 0.342038 0.359208 0.371821 0.380928 0.399664 0.405732 0.417171 0.427516 0.437538 0.444416 0.457479 
0.000000 0.000000 0.000000 0.000000 0.000000 0.000000 0.000000 0.000000 0.000000 0.000000 0.000000 0.000000 0.000000 0.000000 0.000000 0.000000 0.000000 0.000000 0.000000 0.000000 0.000000 0.000000 0.000000 0.000000 0.000000 0.000000 0.000000 0.000000 0.110763 0.145830 0.166270 0.202806 0.206889 0.230517 0.252206 0.266564 0.289774 0.304525 0.320779 0.334861 0.346302 0.363930 0.374976 0.389018 0.400689 0.411316 0.421355 0.432983 0.442329 0.450234 0.459788 
0.000000 0.000000 0.000000 0.000000 0.000000 0.000000 0.000000 0.000000 0.000000 0.000000 0.000000 0.000000 0.000000 0.000000 0.000000 0.000000 0.000000 0.000000 0.000000 0.000000 0.000000 0.000000 0.000000 0.000000 0.000000 0.000000 0.054327 0.090841 0.000000 0.155640 0.171258 0.205072 0.214085 0.242003 0.260276 0.274370 0.297081 0.000000 0.327262 0.345473 0.358989 0.371782 0.385312 0.389186 0.405040 0.414252 0.428673 0.442458 0.445031 0.457407 0.465060 



la=1.000000
0.000000 0.000000 0.000000 0.000000 0.000000 0.000000 0.000000 0.000000 0.000000 0.000000 0.000000 0.000000 0.000000 0.000000 0.000000 0.000000 0.000000 0.000000 0.000000 0.000000 0.000000 0.000000 0.000000 0.000000 0.000000 0.000000 0.000000 0.050274 0.095468 0.126873 0.142089 0.170221 0.186372 0.210183 0.229320 0.247429 0.264677 0.280261 0.296824 0.313268 0.326011 0.348202 0.360328 0.369305 0.385844 0.391457 0.401713 0.415025 0.426449 0.434502 0.446500 
0.000000 0.000000 0.000000 0.000000 0.000000 0.000000 0.000000 0.000000 0.000000 0.000000 0.000000 0.000000 0.000000 0.000000 0.000000 0.000000 0.000000 0.000000 0.000000 0.000000 0.000000 0.000000 0.000000 0.000000 0.000000 0.019246 0.000000 0.087718 0.098351 0.139487 0.157304 0.187165 0.204851 0.229403 0.252485 0.265008 0.280875 0.290483 0.311199 0.322104 0.333936 0.351169 0.370462 0.378210 0.389754 0.400901 0.411952 0.423137 0.430039 0.442728 0.452662 
0.000000 0.000000 0.000000 0.000000 0.000000 0.000000 0.000000 0.000000 0.000000 0.000000 0.000000 0.000000 0.000000 0.000000 0.000000 0.000000 0.000000 0.000000 0.000000 0.000000 0.000000 0.000000 0.000000 0.000000 0.000000 0.000000 0.069233 0.087382 0.000000 0.144925 0.173433 0.195432 0.209344 0.235219 0.255206 0.264830 0.287233 0.302862 0.320097 0.336398 0.344489 0.362002 0.373026 0.382750 0.397331 0.408634 0.420989 0.431950 0.436679 0.447531 0.456867 
0.000000 0.000000 0.000000 0.000000 0.000000 0.000000 0.000000 0.000000 0.000000 0.000000 0.000000 0.000000 0.000000 0.000000 0.000000 0.000000 0.000000 0.000000 0.000000 0.000000 0.000000 0.000000 0.000000 0.002665 0.000000 0.021125 0.068743 0.000000 0.129079 0.164381 0.174546 0.208841 0.220650 0.238822 0.264023 0.272989 0.300304 0.313870 0.330665 0.344899 0.354955 0.367935 0.382701 0.391688 0.404170 0.413605 0.426331 0.433923 0.444015 0.455997 0.463635 
0.000000 0.000000 0.000000 0.000000 0.000000 0.000000 0.000000 0.000000 0.000000 0.000000 0.000000 0.000000 0.000000 0.000000 0.000000 0.000000 0.000000 0.000000 0.000000 0.000000 0.000000 0.000000 0.000000 0.000000 0.006242 0.043658 0.084418 0.116123 0.000000 0.163746 0.190891 0.209251 0.224570 0.251485 0.273530 0.287928 0.305561 0.318903 0.335466 0.351505 0.356858 0.374298 0.388373 0.398847 0.412043 0.419966 0.431792 0.444539 0.452973 0.458881 0.470054 



