la=-1.000000
0.009040 0.444457 0.447052 0.446599 0.449047 0.449686 0.446965 0.449022 0.447565 0.452738 0.450783 0.453595 0.449043 0.450591 0.452116 0.452590 0.454383 0.451422 0.452915 0.454969 0.455622 0.455949 0.456005 0.455338 0.455792 0.455428 0.456281 0.458212 0.460185 0.456864 0.459242 0.459048 0.463171 0.463170 0.462323 0.463478 0.462478 0.463751 0.464634 0.463470 0.467911 0.467059 0.468497 0.468815 0.471169 0.468928 0.473498 0.472157 0.475444 0.473123 0.475409 
0.012435 0.595874 0.595734 0.596851 0.598968 0.599216 0.599790 0.598892 0.598988 0.599861 0.598707 0.600775 0.598992 0.600430 0.599962 0.602731 0.600615 0.601478 0.602164 0.601190 0.600446 0.601716 0.602782 0.604738 0.603648 0.601330 0.603251 0.604230 0.602295 0.605264 0.606125 0.605422 0.605564 0.606528 0.606499 0.606289 0.606144 0.606990 0.607717 0.608325 0.608427 0.608725 0.608400 0.609017 0.610556 0.611118 0.610900 0.611802 0.611283 0.612299 0.612643 
0.013686 0.673037 0.673188 0.673813 0.674669 0.674035 0.674381 0.674021 0.674328 0.674974 0.674827 0.674352 0.675055 0.675133 0.675121 0.675743 0.675952 0.675659 0.675278 0.675780 0.676914 0.675832 0.676170 0.675615 0.676538 0.676391 0.677516 0.677376 0.676368 0.675764 0.678202 0.678296 0.678238 0.679425 0.678543 0.679724 0.679438 0.680184 0.680336 0.679991 0.680049 0.679905 0.680502 0.680469 0.682099 0.682312 0.682859 0.683280 0.683162 0.682531 0.683649 



la=0.000000
0.009650 0.445710 0.446075 0.446494 0.445996 0.448284 0.445175 0.448121 0.446457 0.450996 0.448808 0.452196 0.450600 0.449711 0.449364 0.452363 0.452353 0.454412 0.453416 0.455157 0.453614 0.451600 0.453391 0.455384 0.455210 0.456914 0.456790 0.456452 0.457847 0.453935 0.458418 0.458463 0.461206 0.464511 0.462301 0.461008 0.460763 0.461285 0.460895 0.464861 0.462665 0.465629 0.462870 0.465488 0.468146 0.467172 0.468071 0.467473 0.466689 0.470263 0.468149 
0.012244 0.595273 0.596896 0.596860 0.599069 0.598559 0.598615 0.597954 0.597259 0.598162 0.598147 0.599867 0.599290 0.600309 0.601031 0.600312 0.600009 0.601225 0.600448 0.599931 0.600617 0.601915 0.603132 0.602400 0.602668 0.602729 0.601084 0.604051 0.602597 0.605734 0.605729 0.605804 0.605253 0.604751 0.605695 0.605367 0.606530 0.606621 0.608525 0.607230 0.606190 0.607011 0.608108 0.608840 0.609274 0.609627 0.609361 0.612259 0.610994 0.611502 0.611934 
0.013493 0.673161 0.672481 0.673804 0.673137 0.673814 0.673848 0.673453 0.674403 0.674471 0.674684 0.674061 0.674406 0.673544 0.674945 0.675177 0.676011 0.674178 0.675399 0.675259 0.676026 0.675237 0.675561 0.676383 0.675553 0.676992 0.676771 0.677317 0.677831 0.675929 0.678342 0.677648 0.678956 0.678620 0.678063 0.679781 0.678135 0.679074 0.679041 0.677964 0.681076 0.679479 0.679061 0.681501 0.680551 0.682147 0.681944 0.680882 0.680866 0.681805 0.682185 



la=1.000000
0.009589 0.443311 0.446148 0.447422 0.443849 0.448126 0.446502 0.446312 0.447177 0.448789 0.450351 0.450186 0.449809 0.450885 0.454329 0.453683 0.457380 0.455799 0.455720 0.454240 0.456572 0.457348 0.457007 0.457764 0.458829 0.460747 0.460233 0.459313 0.460505 0.461040 0.460973 0.462670 0.463325 0.463276 0.463846 0.465611 0.465103 0.465001 0.469480 0.469028 0.468924 0.470667 0.470868 0.468800 0.471049 0.470962 0.473053 0.473104 0.469493 0.472709 0.000000 
0.012079 0.596960 0.596511 0.597734 0.597830 0.597610 0.597821 0.597038 0.598971 0.597948 0.599173 0.599432 0.600482 0.600981 0.600651 0.599696 0.599720 0.599126 0.599394 0.601911 0.601138 0.603054 0.603105 0.603376 0.603494 0.604633 0.603348 0.601883 0.603958 0.605196 0.606685 0.606081 0.607465 0.604083 0.604394 0.606963 0.607517 0.608392 0.609361 0.610054 0.608595 0.609667 0.609202 0.610475 0.609983 0.610652 0.611225 0.613357 0.614118 0.612430 0.000000 
0.013587 0.672881 0.673295 0.673154 0.672423 0.672684 0.673951 0.673917 0.673931 0.674215 0.675008 0.673389 0.672668 0.673669 0.675839 0.674622 0.674965 0.675525 0.675861 0.675753 0.675391 0.673956 0.675992 0.675361 0.676064 0.676928 0.677433 0.677204 0.677446 0.677874 0.678221 0.677245 0.678097 0.677744 0.677777 0.678842 0.679470 0.680106 0.679355 0.678313 0.679717 0.680930 0.680940 0.682234 0.680860 0.681808 0.682522 0.683107 0.682468 0.682648 0.000000 