0.073795 
0.087234 
0.108154 
0.132778 
0.149686 
0.170018 
0.183210 
0.199070 
0.214211 
0.226671 
0.241901 
0.251752 
0.266221 
0.276564 
0.289506 
0.299365 
0.312496 
0.325252 
0.333667 
0.345814 
0.354513 
0.365428 
0.373728 
0.384725 
0.395396 
0.403086 
0.412716 
0.420043 
0.429194 
0.436172 
0.445856 
0.454310 
0.460753 
0.468811 
0.474926 
0.482583 
0.488408 
0.496479 
0.501604 
0.508883 
0.515583 
0.520646 
0.527350 
0.531789 
0.538478 
0.542641 
0.548660 
0.554173 
0.558259 
0.563770 
0.567598 
0.572777 
0.576356 
0.580939 
0.585356 
0.588536 
0.592927 
0.595869 
0.599954 
0.602637 
0.606141 
0.608264 
0.612017 
0.615055 
0.617036 
0.620045 
0.621727 
0.624095 
0.625173 
0.627794 
0.629913 
0.630441 
0.632518 
0.632639 
0.633580 
0.633207 
0.634418 
0.634962 
0.633752 
0.634171 
0.632254 
0.630975 
0.628725 
0.627100 
0.623882 
0.620453 
0.617919 
0.611917 
0.606027 
0.599009 
0.593388 
0.582822 
0.573353 
0.562449 
0.546229 
0.528572 
0.509718 
0.493392 
0.465692 
0.440151 
0.403975 
