la=-2.000000
0.000000 0.000000 0.000000 0.000000 0.000000 0.000000 0.000000 0.000000 0.000000 0.000000 0.000000 0.000000 0.000000 0.000199 0.005223 0.005957 0.007014 0.007532 0.008415 0.008749 0.009131 0.009698 0.010087 0.010251 0.010740 0.011065 0.011245 0.011554 0.011857 0.011971 0.012195 0.012383 0.012531 0.012738 0.012837 0.012971 0.013069 0.013261 0.013413 0.013423 0.013685 0.013773 0.013897 0.013831 0.014013 0.014026 0.014166 0.014220 0.014365 0.014443 0.014456 
0.000000 0.000000 0.000000 0.000000 0.000000 0.000000 0.000000 0.000000 0.000000 0.000000 0.000000 0.018894 0.082757 0.180734 0.233958 0.287081 0.323777 0.358163 0.388967 0.417960 0.446095 0.464672 0.486099 0.503803 0.521280 0.535505 0.550494 0.562499 0.576408 0.587776 0.596932 0.607494 0.615822 0.625372 0.633329 0.640648 0.647828 0.654461 0.661200 0.666879 0.673239 0.677550 0.683690 0.688344 0.692726 0.697295 0.701664 0.706265 0.709543 0.713684 0.716902 
0.000000 0.000000 0.000000 0.000000 0.000000 0.000000 0.000000 0.000000 0.000000 0.000000 0.008585 0.035225 0.107351 0.189208 0.240024 0.285781 0.326702 0.362488 0.388678 0.420774 0.445256 0.466589 0.487619 0.504752 0.522679 0.536038 0.551244 0.562729 0.576200 0.587356 0.596921 0.608395 0.616376 0.624523 0.632886 0.641198 0.647577 0.654804 0.661970 0.666606 0.673601 0.678482 0.683901 0.687744 0.693387 0.697324 0.701134 0.706545 0.710383 0.713477 0.717219 
0.000000 0.000000 0.000000 0.000000 0.000000 0.000000 0.000000 0.000000 0.000000 0.004116 0.009860 0.032277 0.123194 0.190389 0.240971 0.291376 0.324887 0.363485 0.390562 0.421700 0.447335 0.466589 0.487531 0.504601 0.522853 0.536579 0.551086 0.564373 0.576311 0.588347 0.598249 0.608117 0.616585 0.625924 0.632571 0.641648 0.648097 0.654878 0.661883 0.667612 0.672906 0.678075 0.684098 0.687956 0.693470 0.697461 0.702515 0.706443 0.710079 0.714493 0.716765 
0.000000 0.000000 0.000000 0.000000 0.000000 0.000000 0.000000 0.000000 0.002008 0.006074 0.014777 0.045361 0.122311 0.197273 0.242199 0.296475 0.326985 0.362391 0.392329 0.420643 0.448112 0.467493 0.489292 0.505866 0.522275 0.537572 0.551332 0.563952 0.577455 0.588062 0.599214 0.608873 0.616926 0.627017 0.633490 0.641264 0.648452 0.655471 0.662169 0.668326 0.673843 0.679317 0.684344 0.688528 0.693599 0.697299 0.702296 0.705901 0.710075 0.714277 0.717149 
0.000000 0.000000 0.000000 0.000000 0.000000 0.000000 0.000000 0.000000 0.000000 0.006373 0.015976 0.042747 0.126079 0.196008 0.243726 0.293213 0.329944 0.364943 0.396183 0.421170 0.446560 0.467818 0.487759 0.506003 0.523089 0.538920 0.552779 0.564355 0.577944 0.589036 0.598237 0.609201 0.616869 0.626819 0.634466 0.641492 0.648185 0.655745 0.662415 0.667730 0.673869 0.677923 0.684487 0.688568 0.694046 0.697059 0.702495 0.706698 0.709713 0.714006 0.717288 
0.000000 0.000000 0.000000 0.000000 0.000000 0.000000 0.000000 0.000000 0.000000 0.007415 0.012790 0.061171 0.130666 0.202330 0.246310 0.291035 0.333208 0.364721 0.394878 0.423220 0.447402 0.470525 0.489309 0.506372 0.524562 0.538114 0.553632 0.564189 0.578162 0.589845 0.597607 0.609965 0.617743 0.626788 0.633762 0.641658 0.648059 0.656357 0.663198 0.667445 0.674901 0.678736 0.684585 0.689049 0.693833 0.697551 0.702971 0.706974 0.710723 0.714316 0.717504 
0.000000 0.000000 0.000000 0.000000 0.000000 0.000000 0.000000 0.002116 0.005111 0.008414 0.016511 0.067206 0.128582 0.199387 0.248196 0.294753 0.333933 0.366676 0.395488 0.424083 0.448605 0.470688 0.489855 0.507251 0.524926 0.536963 0.552758 0.565116 0.577744 0.590142 0.598758 0.610233 0.618007 0.626324 0.634948 0.642824 0.648825 0.656159 0.662977 0.668278 0.674309 0.679456 0.684702 0.689139 0.694341 0.698033 0.702538 0.706897 0.710333 0.714540 0.717867 
0.000000 0.000000 0.000000 0.000000 0.000000 0.000000 0.000000 0.003504 0.005399 0.009927 0.021581 0.077031 0.132946 0.199091 0.248275 0.295701 0.332617 0.367744 0.395252 0.424427 0.449723 0.469678 0.490604 0.507081 0.525132 0.538423 0.554932 0.565334 0.578255 0.590261 0.599382 0.609946 0.617830 0.627662 0.635096 0.642948 0.648774 0.656423 0.662622 0.668410 0.674893 0.679391 0.684835 0.689664 0.694857 0.698346 0.703160 0.707800 0.710952 0.714517 0.718168 
0.000000 0.000000 0.000000 0.000000 0.000000 0.000000 0.002738 0.004181 0.006338 0.009367 0.020639 0.079448 0.136739 0.207510 0.249532 0.295664 0.332890 0.368081 0.396402 0.425536 0.450767 0.472027 0.490037 0.507718 0.524912 0.539210 0.554708 0.565026 0.579836 0.590859 0.599886 0.610607 0.617646 0.626930 0.635184 0.642619 0.649392 0.657022 0.663032 0.668361 0.674594 0.679501 0.684562 0.689730 0.694090 0.698631 0.703361 0.707488 0.710797 0.714514 0.718243 
0.000000 0.000000 0.000000 0.000000 0.000000 0.000000 0.003239 0.004357 0.006701 0.011032 0.023191 0.082695 0.141953 0.203190 0.246818 0.298892 0.334459 0.369575 0.397766 0.424482 0.451277 0.471050 0.490761 0.509914 0.525015 0.539643 0.553135 0.565784 0.579119 0.589898 0.600031 0.610931 0.617734 0.628180 0.634930 0.642883 0.650310 0.656386 0.663208 0.668599 0.674989 0.680119 0.685690 0.690019 0.694447 0.698967 0.703103 0.706878 0.711096 0.715233 0.718158 
0.000000 0.000000 0.000000 0.000000 0.000000 0.000000 0.003178 0.004655 0.007094 0.011954 0.025717 0.085823 0.146894 0.206115 0.250224 0.298380 0.334476 0.370626 0.398542 0.425656 0.451041 0.470920 0.492466 0.509689 0.526512 0.540241 0.553813 0.565620 0.579196 0.590245 0.600600 0.610405 0.618800 0.628232 0.635385 0.642911 0.649589 0.656751 0.663457 0.668787 0.674264 0.679885 0.685267 0.689945 0.695055 0.698773 0.703385 0.707100 0.710813 0.715347 0.717566 
0.000000 0.000000 0.000000 0.000000 0.000000 0.002252 0.000000 0.004978 0.007959 0.011676 0.037598 0.095602 0.145759 0.206613 0.252350 0.302575 0.333196 0.371397 0.396583 0.426370 0.452334 0.470554 0.491955 0.508888 0.526432 0.540604 0.554579 0.567575 0.579018 0.590209 0.600552 0.610935 0.618914 0.628447 0.634981 0.643357 0.649696 0.656394 0.664419 0.668725 0.675140 0.680285 0.685546 0.689763 0.694947 0.698757 0.703297 0.707213 0.711245 0.715252 0.718252 
0.000000 0.000000 0.000000 0.000000 0.000891 0.002626 0.003672 0.005329 0.008216 0.013018 0.042614 0.092754 0.143410 0.208443 0.255167 0.299296 0.337015 0.371781 0.397628 0.427192 0.451595 0.473309 0.492990 0.508961 0.526885 0.540136 0.555615 0.566526 0.579923 0.592020 0.601416 0.610590 0.618870 0.627954 0.635521 0.643778 0.650159 0.657683 0.663703 0.668929 0.675811 0.680277 0.685822 0.690162 0.694642 0.699138 0.703829 0.707924 0.711500 0.714856 0.718497 
0.000000 0.000000 0.000000 0.000000 0.001746 0.001265 0.004122 0.005616 0.009051 0.013423 0.049485 0.095573 0.149410 0.210337 0.255566 0.304404 0.336307 0.371782 0.400463 0.426075 0.453307 0.471191 0.494274 0.509227 0.526094 0.541290 0.555403 0.567019 0.580756 0.591293 0.602366 0.611514 0.619227 0.629012 0.635236 0.643525 0.650187 0.657094 0.663896 0.669904 0.675859 0.680383 0.685926 0.690327 0.694927 0.699268 0.703895 0.707357 0.711431 0.715698 0.718961 
0.000000 0.000000 0.000000 0.000000 0.000000 0.000669 0.004410 0.006424 0.009118 0.013871 0.060982 0.105532 0.151583 0.208713 0.258427 0.301873 0.337392 0.375591 0.398113 0.428608 0.453268 0.472567 0.494813 0.509415 0.528103 0.540589 0.555074 0.567262 0.579502 0.591950 0.601699 0.611173 0.620162 0.628964 0.636064 0.644610 0.650586 0.657101 0.663806 0.668729 0.675741 0.681348 0.685661 0.690069 0.695480 0.699161 0.703375 0.707519 0.711523 0.714477 0.718662 
0.000000 0.000000 0.000000 0.000000 0.000000 0.002949 0.004596 0.006172 0.009875 0.015975 0.065540 0.105171 0.152660 0.211575 0.259411 0.300840 0.338244 0.372528 0.403164 0.428655 0.453482 0.474267 0.492795 0.510413 0.526731 0.541477 0.555827 0.567173 0.581049 0.591369 0.601281 0.612080 0.619124 0.629383 0.635816 0.644393 0.650529 0.657874 0.664483 0.669686 0.675577 0.680637 0.686606 0.690816 0.695260 0.698769 0.703926 0.707786 0.711539 0.715588 0.718805 
0.000000 0.000000 0.000000 0.000000 0.000000 0.003315 0.004721 0.006915 0.010311 0.017884 0.067598 0.111601 0.158329 0.213090 0.259152 0.303903 0.335846 0.374483 0.399474 0.431389 0.453441 0.473095 0.495045 0.509703 0.528366 0.540744 0.557153 0.568820 0.580436 0.592924 0.602214 0.611565 0.620408 0.628243 0.636410 0.645008 0.650981 0.657797 0.664775 0.669687 0.675874 0.680794 0.685227 0.690688 0.695665 0.699817 0.703550 0.708590 0.712054 0.715708 0.718319 
0.000000 0.000000 0.000000 0.000000 0.000000 0.003413 0.005281 0.006896 0.011120 0.021274 0.073399 0.112846 0.160450 0.216491 0.258528 0.305305 0.338581 0.373638 0.401151 0.427931 0.457058 0.473497 0.494371 0.511094 0.527309 0.543010 0.556136 0.568743 0.581747 0.592432 0.602286 0.611870 0.619970 0.629581 0.635999 0.644481 0.651571 0.658022 0.664469 0.670075 0.675650 0.680608 0.686742 0.690363 0.695785 0.700183 0.704454 0.708164 0.711819 0.716125 0.718878 
0.000000 0.000000 0.000000 0.000000 0.002598 0.003833 0.005417 0.007458 0.010632 0.033208 0.074227 0.115780 0.159090 0.219488 0.262271 0.303417 0.341184 0.374939 0.401005 0.429965 0.453248 0.476467 0.494818 0.510959 0.529129 0.541282 0.557083 0.568254 0.581657 0.592846 0.601753 0.612855 0.620585 0.629252 0.637228 0.643525 0.651029 0.658095 0.664933 0.670162 0.676501 0.680719 0.686306 0.690947 0.695495 0.699697 0.704350 0.708606 0.712168 0.715487 0.719368 
0.000000 0.000000 0.000000 0.000000 0.002666 0.004033 0.005655 0.007405 0.012642 0.043748 0.079268 0.116310 0.165067 0.218955 0.261084 0.306489 0.338976 0.376659 0.401908 0.429969 0.455785 0.474463 0.495000 0.511356 0.530768 0.541418 0.557405 0.570092 0.580755 0.594310 0.602127 0.612498 0.620810 0.629593 0.636830 0.644835 0.650575 0.658913 0.665156 0.670373 0.676355 0.681506 0.686586 0.690843 0.695919 0.699413 0.704654 0.708752 0.711972 0.715638 0.719030 
0.000000 0.000000 0.000000 0.000000 0.002846 0.004028 0.005613 0.007662 0.013453 0.057566 0.081629 0.117770 0.164574 0.221594 0.263146 0.310639 0.341201 0.374362 0.404369 0.429895 0.456411 0.474621 0.497130 0.511627 0.527889 0.543236 0.556675 0.569025 0.581115 0.593496 0.602954 0.612344 0.621024 0.629217 0.636633 0.645062 0.651002 0.658383 0.664843 0.670484 0.676671 0.681593 0.686610 0.691038 0.696263 0.700180 0.703659 0.708294 0.712492 0.716311 0.719233 
0.000000 0.000000 0.000000 0.000000 0.003046 0.004105 0.006264 0.008586 0.014471 0.059837 0.085236 0.121295 0.169324 0.218404 0.262927 0.309452 0.343527 0.376473 0.404903 0.429435 0.456731 0.476060 0.497183 0.513179 0.528605 0.543012 0.557129 0.569160 0.581628 0.592953 0.603372 0.613344 0.621090 0.629997 0.637395 0.644913 0.651852 0.657931 0.665740 0.670831 0.676579 0.681625 0.686989 0.691094 0.696110 0.700594 0.703433 0.708887 0.712604 0.716334 0.719102 
0.000000 0.000000 0.000000 0.000610 0.002915 0.003909 0.006399 0.009064 0.015072 0.065936 0.087407 0.123273 0.169425 0.222470 0.263727 0.309158 0.344793 0.377114 0.406252 0.430913 0.457122 0.475361 0.496857 0.514015 0.528800 0.544726 0.557960 0.568792 0.582888 0.593150 0.604138 0.613214 0.621374 0.630907 0.637386 0.645474 0.651936 0.658074 0.665805 0.670689 0.677019 0.681239 0.687508 0.691214 0.696269 0.700216 0.704719 0.708645 0.712814 0.716261 0.719325 
0.000000 0.000000 0.000000 0.000000 0.003259 0.004620 0.006644 0.009345 0.029567 0.066355 0.088746 0.129181 0.170777 0.223925 0.266038 0.313183 0.344792 0.377095 0.406562 0.432282 0.458037 0.477983 0.497084 0.513211 0.528999 0.543575 0.559008 0.569415 0.582809 0.593732 0.604218 0.613882 0.621488 0.630980 0.637715 0.645613 0.651836 0.658551 0.665843 0.670986 0.677323 0.681383 0.686976 0.690703 0.696208 0.700510 0.705337 0.708745 0.712866 0.716564 0.719422 
0.000000 0.000000 0.000000 0.000954 0.003353 0.004628 0.007043 0.009911 0.051934 0.071678 0.092534 0.129772 0.175743 0.225827 0.268334 0.313842 0.345681 0.378404 0.407197 0.431190 0.458826 0.477682 0.498565 0.514491 0.530694 0.544506 0.558395 0.570891 0.582545 0.593988 0.603788 0.613388 0.621165 0.630553 0.637785 0.645236 0.652456 0.658355 0.665946 0.670851 0.677316 0.681779 0.687512 0.691446 0.695984 0.700475 0.704126 0.709259 0.712912 0.715852 0.719862 
0.000000 0.000000 0.000000 0.000626 0.003441 0.004741 0.007477 0.010440 0.055241 0.072024 0.094686 0.130858 0.175941 0.232744 0.270408 0.316399 0.344490 0.379562 0.406659 0.432333 0.459519 0.476232 0.498968 0.514548 0.530368 0.543782 0.557847 0.570968 0.582226 0.595547 0.604341 0.613633 0.622288 0.630367 0.637985 0.646094 0.651902 0.659052 0.666105 0.671503 0.677054 0.682239 0.687456 0.691785 0.696399 0.700572 0.704637 0.709373 0.713409 0.716081 0.719730 
0.000000 0.000000 0.000000 0.002377 0.003756 0.005323 0.007767 0.011429 0.061760 0.075661 0.099716 0.136109 0.179440 0.230206 0.272354 0.316120 0.346618 0.381583 0.406994 0.435551 0.459195 0.479621 0.498569 0.513283 0.532068 0.544395 0.559045 0.571594 0.583175 0.596068 0.604113 0.613848 0.622017 0.631181 0.637846 0.646381 0.652082 0.659429 0.666319 0.670937 0.677222 0.681797 0.687505 0.692022 0.697118 0.699905 0.705571 0.709520 0.712663 0.716527 0.719735 
0.000000 0.000000 0.000000 0.002439 0.003738 0.005371 0.007580 0.011702 0.064697 0.079730 0.101846 0.139540 0.180232 0.232085 0.274344 0.314533 0.347441 0.380024 0.408017 0.434116 0.459349 0.480627 0.498923 0.514916 0.531671 0.544966 0.560491 0.571257 0.584248 0.595051 0.604391 0.614099 0.622098 0.630740 0.638894 0.645841 0.652690 0.659566 0.666225 0.671736 0.677046 0.682345 0.687574 0.691842 0.696070 0.700820 0.705591 0.709231 0.712496 0.717001 0.719543 
0.000000 0.000000 0.000084 0.002421 0.004055 0.005163 0.008375 0.012082 0.068892 0.082183 0.104225 0.140101 0.185538 0.236244 0.274137 0.317399 0.349818 0.381071 0.407621 0.435885 0.461701 0.479147 0.500150 0.515139 0.531984 0.545818 0.558262 0.572263 0.584011 0.595473 0.605162 0.614140 0.622358 0.631830 0.638434 0.646809 0.652640 0.659464 0.666448 0.671607 0.677364 0.682231 0.687582 0.691715 0.697158 0.701603 0.705080 0.708910 0.713172 0.716500 0.719881 
0.000000 0.000000 0.000000 0.002549 0.003858 0.005746 0.008230 0.043620 0.072092 0.084573 0.107896 0.148736 0.186430 0.236384 0.277122 0.316997 0.349739 0.383682 0.408025 0.437728 0.459928 0.479798 0.499673 0.515036 0.532164 0.544858 0.561608 0.571803 0.584025 0.595295 0.604315 0.615442 0.622669 0.631796 0.638527 0.646247 0.652934 0.659678 0.666165 0.671473 0.677899 0.682097 0.688261 0.692517 0.697069 0.700892 0.705284 0.709686 0.712876 0.717272 0.720437 
0.000000 0.000000 0.000000 0.002622 0.004190 0.005690 0.009031 0.056742 0.075797 0.088365 0.112432 0.148981 0.187467 0.239422 0.275997 0.319621 0.351543 0.383967 0.411261 0.436911 0.462610 0.479258 0.501078 0.515879 0.534644 0.546085 0.560663 0.572079 0.584135 0.595895 0.604419 0.614424 0.623823 0.631428 0.638777 0.647322 0.652692 0.659918 0.666846 0.670794 0.677655 0.683132 0.688259 0.691783 0.697569 0.701119 0.705765 0.710170 0.713066 0.716681 0.720623 
0.000000 0.000000 0.000000 0.002839 0.004225 0.006052 0.009676 0.059771 0.077381 0.091754 0.114927 0.153265 0.190355 0.240119 0.280022 0.319005 0.354501 0.384199 0.411108 0.437760 0.462125 0.481919 0.499901 0.516507 0.532659 0.546656 0.560822 0.572346 0.585833 0.594905 0.606206 0.615329 0.622819 0.632838 0.639521 0.646924 0.653636 0.659314 0.666925 0.672120 0.678225 0.682439 0.688237 0.692266 0.696980 0.701325 0.705383 0.709322 0.713204 0.717257 0.720291 
0.000000 0.000000 0.000000 0.002847 0.004319 0.006024 0.009661 0.064592 0.080954 0.093371 0.119430 0.155190 0.197817 0.244208 0.284929 0.320903 0.352841 0.385951 0.410394 0.438102 0.461621 0.483184 0.500777 0.516768 0.533712 0.546292 0.561094 0.572006 0.585598 0.597479 0.605858 0.615855 0.623481 0.632258 0.639886 0.646805 0.654277 0.660509 0.667065 0.672537 0.678291 0.682574 0.687855 0.692979 0.696718 0.701700 0.705881 0.710159 0.713135 0.717585 0.720451 
0.000000 0.000000 0.000000 0.002857 0.004641 0.006272 0.010384 0.069611 0.081870 0.097160 0.121587 0.159968 0.200561 0.244437 0.282538 0.323043 0.351352 0.387467 0.411498 0.440961 0.462113 0.481469 0.501527 0.517011 0.535167 0.546882 0.562802 0.573096 0.584825 0.597161 0.605815 0.616184 0.623606 0.632134 0.640188 0.647608 0.653673 0.660749 0.666835 0.672606 0.678682 0.682923 0.688163 0.693188 0.698329 0.701424 0.705986 0.710171 0.713686 0.717093 0.720157 
0.000000 0.000000 0.000000 0.003149 0.004834 0.006481 0.010570 0.074417 0.087709 0.101941 0.123517 0.158622 0.201137 0.245730 0.282425 0.324185 0.353881 0.389315 0.413776 0.440450 0.463271 0.483011 0.503296 0.516579 0.535532 0.547801 0.562462 0.573174 0.584119 0.597054 0.606175 0.615893 0.624879 0.632834 0.639700 0.647408 0.654035 0.660573 0.667218 0.672254 0.678583 0.683772 0.688608 0.693333 0.697939 0.701364 0.705520 0.710055 0.713273 0.717729 0.720669 
0.000000 0.000000 0.001867 0.003219 0.004974 0.006743 0.011374 0.077649 0.091245 0.104304 0.126695 0.164738 0.204655 0.249943 0.287922 0.329608 0.357051 0.390189 0.413420 0.441667 0.464963 0.483356 0.503175 0.517639 0.534819 0.548084 0.562852 0.574055 0.585752 0.597929 0.606228 0.616158 0.624733 0.632711 0.639408 0.648347 0.653923 0.661598 0.668128 0.672122 0.678596 0.683512 0.688518 0.693386 0.697683 0.701625 0.706252 0.710496 0.713703 0.717137 0.720911 
0.000000 0.000000 0.000000 0.003290 0.004895 0.007172 0.011730 0.079468 0.093776 0.108005 0.131894 0.171434 0.210186 0.250424 0.287857 0.328386 0.356179 0.390703 0.415052 0.442777 0.464849 0.482210 0.503660 0.519043 0.535677 0.547854 0.563524 0.575361 0.585912 0.598570 0.606217 0.616653 0.625022 0.633091 0.640561 0.647752 0.654740 0.661602 0.667641 0.673046 0.678822 0.683195 0.688865 0.693371 0.698137 0.701541 0.706322 0.710169 0.713384 0.717649 0.720815 
0.000000 0.000000 0.002000 0.003306 0.005014 0.007321 0.073488 0.085693 0.097376 0.110534 0.135942 0.172484 0.210317 0.251580 0.290807 0.327314 0.360582 0.392334 0.415997 0.442996 0.465057 0.483798 0.503391 0.520145 0.536325 0.548862 0.563732 0.573668 0.586436 0.597775 0.607118 0.617489 0.625094 0.633714 0.640859 0.647675 0.654289 0.661698 0.667542 0.673845 0.679100 0.683858 0.689305 0.693023 0.698501 0.701891 0.706369 0.710292 0.714210 0.717887 0.720572 
0.000000 0.000000 0.000000 0.003376 0.005153 0.007734 0.080205 0.089148 0.101671 0.116077 0.142044 0.178396 0.212380 0.259145 0.293391 0.328886 0.361800 0.392426 0.418164 0.442773 0.469236 0.484318 0.505338 0.520825 0.535945 0.550255 0.563118 0.576228 0.587055 0.598078 0.607458 0.616788 0.625255 0.633859 0.640225 0.649228 0.654505 0.661250 0.668168 0.673146 0.679054 0.684539 0.688306 0.693459 0.698567 0.702698 0.706540 0.710529 0.714006 0.717800 0.720527 
0.000000 0.000000 0.001018 0.003489 0.005575 0.008327 0.082864 0.090958 0.106778 0.121074 0.146421 0.180204 0.217268 0.259919 0.295983 0.333185 0.362835 0.395137 0.417628 0.445769 0.467377 0.487390 0.503844 0.521972 0.538259 0.549370 0.564551 0.575476 0.587844 0.598848 0.607823 0.618223 0.625551 0.634151 0.641414 0.648135 0.655408 0.662285 0.668211 0.673507 0.679379 0.683736 0.689149 0.693391 0.698277 0.701758 0.706597 0.709866 0.714702 0.718561 0.721635 
0.000000 0.000000 0.002190 0.003503 0.006113 0.008044 0.087665 0.100033 0.108899 0.126538 0.148146 0.185353 0.220533 0.265021 0.296918 0.337748 0.362570 0.394511 0.420352 0.445000 0.470286 0.487064 0.506731 0.520326 0.537577 0.550515 0.565435 0.576492 0.587336 0.599487 0.608111 0.617847 0.626131 0.633176 0.642052 0.648979 0.654917 0.662227 0.668140 0.673195 0.679101 0.684315 0.689276 0.694458 0.698348 0.702158 0.706724 0.710742 0.714250 0.717796 0.721240 
0.000000 0.000000 0.002312 0.003672 0.005816 0.008556 0.094521 0.105941 0.118077 0.133829 0.155376 0.189790 0.223579 0.267318 0.300720 0.336591 0.366608 0.395585 0.421732 0.444995 0.470205 0.487289 0.507722 0.522312 0.537992 0.552104 0.565185 0.576827 0.589131 0.600123 0.608798 0.617275 0.626021 0.634569 0.641770 0.649339 0.655053 0.662402 0.668793 0.674063 0.679525 0.684829 0.689242 0.693834 0.698753 0.702336 0.706700 0.711451 0.714654 0.717870 0.721334 
0.000000 0.000000 0.002362 0.003779 0.006147 0.009484 0.109722 0.113127 0.119633 0.135833 0.160850 0.196583 0.229630 0.267577 0.302278 0.337832 0.367208 0.398017 0.424028 0.447564 0.469608 0.489133 0.507184 0.522910 0.538854 0.553664 0.565943 0.576854 0.588647 0.600017 0.608556 0.618363 0.627106 0.634905 0.641601 0.649998 0.655480 0.662597 0.668522 0.673995 0.679303 0.685001 0.689862 0.693606 0.698961 0.702702 0.706978 0.710965 0.714210 0.717854 0.721822 
0.000000 0.000000 0.002400 0.003968 0.005881 0.009483 0.113906 0.125182 0.133406 0.141865 0.166252 0.198012 0.230678 0.273085 0.307198 0.340733 0.370178 0.398399 0.423362 0.447379 0.473477 0.489405 0.507675 0.523955 0.538942 0.552350 0.564952 0.577792 0.588981 0.599965 0.608893 0.618429 0.626435 0.635301 0.642494 0.650470 0.655791 0.662619 0.669135 0.673978 0.679922 0.685059 0.689718 0.693783 0.699174 0.703383 0.707031 0.711296 0.714589 0.718028 0.721659 
0.000000 0.000000 0.002349 0.003938 0.006297 0.010290 0.138906 0.135725 0.142262 0.151479 0.171698 0.207319 0.235243 0.276009 0.307685 0.345689 0.372884 0.403294 0.425903 0.450573 0.472511 0.489975 0.511057 0.523442 0.540250 0.552915 0.567137 0.578106 0.589548 0.601442 0.609066 0.618676 0.627098 0.634996 0.643238 0.650096 0.655685 0.663228 0.669314 0.674367 0.680806 0.684761 0.690112 0.694788 0.698799 0.702730 0.707328 0.711154 0.714605 0.718441 0.721712 
0.000000 0.000000 0.000000 0.004073 0.006535 0.166361 0.147909 0.144879 0.151875 0.161343 0.183207 0.211843 0.242248 0.282110 0.310732 0.348208 0.375128 0.403060 0.427330 0.450412 0.474725 0.491268 0.510986 0.524821 0.541191 0.553600 0.566909 0.578787 0.588502 0.602280 0.610041 0.619533 0.627809 0.635918 0.642768 0.650578 0.655908 0.663700 0.669608 0.674790 0.680592 0.685077 0.689695 0.694303 0.699663 0.702934 0.707906 0.711992 0.715221 0.718341 0.721771 
0.000000 0.000000 0.002585 0.003980 0.006523 0.208700 0.189618 0.169960 0.173993 0.170643 0.190026 0.220501 0.248790 0.286284 0.315381 0.351073 0.377991 0.407195 0.427276 0.452536 0.474979 0.494593 0.510574 0.525731 0.542153 0.554475 0.568111 0.578108 0.591303 0.601763 0.610391 0.621033 0.627914 0.636153 0.643478 0.650602 0.657188 0.663352 0.669664 0.675090 0.680927 0.684892 0.690718 0.694606 0.699631 0.703429 0.707309 0.711453 0.714812 0.719232 0.721459 
0.000000 0.000000 0.002595 0.004393 0.007028 0.379528 0.289855 0.219776 0.202508 0.199133 0.208360 0.230213 0.256306 0.289439 0.319518 0.352033 0.379987 0.407304 0.432529 0.453482 0.477484 0.492689 0.514001 0.526606 0.543741 0.555253 0.568427 0.579885 0.591294 0.601946 0.611999 0.620514 0.628774 0.636310 0.642515 0.650898 0.656774 0.663492 0.670075 0.674638 0.681468 0.685871 0.690793 0.695152 0.700021 0.703191 0.707352 0.711444 0.714726 0.719037 0.722115 
0.000000 0.000000 0.002774 0.004455 0.007252 0.552268 0.569226 0.508543 0.246425 0.217105 0.232068 0.238926 0.265195 0.297310 0.324824 0.357467 0.382937 0.408905 0.432448 0.455002 0.479141 0.494277 0.514814 0.528012 0.543366 0.555924 0.569381 0.581441 0.591654 0.603453 0.611350 0.620504 0.629248 0.636730 0.643366 0.651495 0.657050 0.664471 0.670396 0.675495 0.681458 0.685174 0.690626 0.694985 0.699719 0.703168 0.708039 0.712254 0.715231 0.718955 0.721934 
0.000000 0.000000 0.002706 0.004612 0.007514 0.666714 0.664461 0.693279 0.686149 0.688361 0.699774 0.270054 0.278746 0.299263 0.330014 0.359053 0.386880 0.412361 0.436118 0.457898 0.480690 0.496116 0.514826 0.529609 0.545744 0.557121 0.570058 0.580977 0.591460 0.602736 0.611572 0.621018 0.629476 0.637524 0.644633 0.652016 0.657103 0.664228 0.670640 0.675169 0.681639 0.686295 0.690918 0.695495 0.699853 0.703559 0.707700 0.712001 0.714918 0.719587 0.721948 



