la=1.000000
pd=0.000000
0.000000 0.000000 0.000000 0.000000 0.000000 0.000000 0.000000 0.000000 0.000000 0.000000 0.000000 0.000000 0.000000 0.004737 0.004629 0.006460 0.007069 0.007648 0.008197 0.009131 0.009305 0.009715 0.010227 0.010247 0.010598 0.011137 0.011567 0.011421 0.011710 0.011837 0.012160 0.012470 0.012791 0.012764 0.012803 0.013038 0.013055 0.013407 0.013506 0.013628 0.013571 0.013780 0.013767 0.013966 0.013905 0.014100 0.014232 0.014261 0.014421 0.014237 0.014414 
pd=0.400000
0.000000 0.000000 0.000000 0.000000 0.003103 0.004635 0.008838 0.012717 0.023463 0.040241 0.075360 0.124153 0.166751 0.223709 0.261267 0.304623 0.337207 0.373623 0.400124 0.429821 0.449453 0.471344 0.491724 0.506993 0.525836 0.540552 0.554136 0.566336 0.578953 0.587956 0.600063 0.609405 0.618612 0.627008 0.635160 0.642038 0.648739 0.655549 0.662571 0.669108 0.674739 0.679425 0.685426 0.688539 0.693481 0.698709 0.702991 0.707584 0.710818 0.713457 0.717664 
pd=0.800000
0.000000 0.000000 0.002186 0.003613 0.005142 0.008239 0.012450 0.018102 0.028314 0.049213 0.083795 0.127751 0.181670 0.229253 0.276174 0.309321 0.347317 0.377969 0.408081 0.435083 0.458149 0.478266 0.495614 0.510785 0.529621 0.543937 0.558657 0.569544 0.581397 0.593091 0.602292 0.612832 0.620934 0.628793 0.636327 0.645508 0.650989 0.658534 0.664148 0.668505 0.676520 0.681383 0.685997 0.690476 0.695680 0.699378 0.704161 0.708877 0.712117 0.715285 0.718729 



