la=-1.000000
0.000000 0.000000 0.000000 0.000000 0.000000 0.000000 0.000000 0.000000 0.000000 0.000000 0.000000 0.000000 0.000000 0.000000 0.000000 0.000000 0.000000 0.000000 0.000000 0.000000 0.000000 0.000000 0.000000 0.000000 0.000000 0.000000 0.000000 0.027387 0.058036 0.098072 0.127891 0.154270 0.174196 0.199600 0.226651 0.243227 0.265231 0.280556 0.298049 0.316362 0.330167 0.348114 0.361274 0.371353 0.384037 0.391808 0.404989 0.417866 0.423445 0.435976 0.446549 
0.000000 0.000000 0.000000 0.000000 0.000000 0.000000 0.000000 0.000000 0.000000 0.000000 0.000000 0.000000 0.000000 0.000000 0.000000 0.000000 0.000000 0.000000 0.000000 0.000000 0.000000 0.000000 0.000000 0.000000 0.000000 0.000000 0.000000 0.000000 0.000000 0.112552 0.000000 0.169391 0.187061 0.210147 0.233689 0.251983 0.273752 0.284706 0.303002 0.322601 0.334591 0.346799 0.364922 0.375024 0.387738 0.397293 0.412248 0.422154 0.428837 0.436333 0.449890 
0.000000 0.000000 0.000000 0.000000 0.000000 0.000000 0.000000 0.000000 0.000000 0.000000 0.000000 0.000000 0.000000 0.000000 0.000000 0.000000 0.000000 0.000000 0.000000 0.000000 0.000000 0.000000 0.000000 0.000000 0.000000 0.000000 0.005527 0.043131 0.098070 0.119156 0.145438 0.000000 0.198425 0.213904 0.239084 0.255528 0.276838 0.291811 0.312518 0.324940 0.338105 0.348105 0.366383 0.376825 0.393881 0.400870 0.410561 0.423006 0.429079 0.444007 0.453081 
0.000000 0.000000 0.000000 0.000000 0.000000 0.000000 0.000000 0.000000 0.000000 0.000000 0.000000 0.000000 0.000000 0.000000 0.000000 0.000000 0.000000 0.000000 0.000000 0.000000 0.000000 0.000000 0.000000 0.000000 0.000000 0.000480 0.000000 0.000000 0.100500 0.123714 0.153611 0.184754 0.199282 0.222417 0.248719 0.260544 0.280025 0.290332 0.310846 0.325474 0.338810 0.354936 0.372100 0.379730 0.392896 0.400715 0.412951 0.426286 0.434122 0.446176 0.451639 
0.000000 0.000000 0.000000 0.000000 0.000000 0.000000 0.000000 0.000000 0.000000 0.000000 0.000000 0.000000 0.000000 0.000000 0.000000 0.000000 0.000000 0.000000 0.000000 0.000000 0.000000 0.000000 0.000000 0.000000 0.000000 0.000000 0.047243 0.000000 0.118796 0.149641 0.000000 0.182713 0.205986 0.224124 0.248688 0.261947 0.282624 0.299680 0.317108 0.331334 0.339524 0.356101 0.372866 0.381244 0.393590 0.404823 0.415604 0.427462 0.432734 0.448462 0.458540 



la=0.000000
0.000000 0.000000 0.000000 0.000000 0.000000 0.000000 0.000000 0.000000 0.000000 0.000000 0.000000 0.000000 0.000000 0.000000 0.000000 0.000000 0.000000 0.000000 0.000000 0.000000 0.000000 0.000000 0.000000 0.000000 0.000000 0.000000 0.000000 0.000000 0.076511 0.112534 0.134348 0.160558 0.000000 0.202697 0.224178 0.249070 0.264916 0.280294 0.297214 0.316726 0.325781 0.343087 0.357404 0.368957 0.384071 0.390350 0.405188 0.415299 0.426539 0.438624 0.446896 
0.000000 0.000000 0.000000 0.000000 0.000000 0.000000 0.000000 0.000000 0.000000 0.000000 0.000000 0.000000 0.000000 0.000000 0.000000 0.000000 0.000000 0.000000 0.000000 0.000000 0.000000 0.000000 0.000000 0.000000 0.000000 0.000000 0.035006 0.054706 0.000000 0.124615 0.139225 0.171130 0.186244 0.213084 0.237683 0.250760 0.274981 0.284303 0.299886 0.322810 0.333093 0.346366 0.364252 0.375325 0.385317 0.398147 0.412442 0.421565 0.428979 0.442604 0.451425 
0.000000 0.000000 0.000000 0.000000 0.000000 0.000000 0.000000 0.000000 0.000000 0.000000 0.000000 0.000000 0.000000 0.000000 0.000000 0.000000 0.000000 0.000000 0.000000 0.000000 0.000000 0.000000 0.000000 0.000000 0.000000 0.000000 0.000000 0.000000 0.000000 0.120779 0.146934 0.175715 0.189587 0.214063 0.243066 0.252262 0.275761 0.291135 0.305771 0.325974 0.335349 0.350092 0.366094 0.374924 0.391579 0.401392 0.409477 0.420262 0.429643 0.439645 0.453597 
0.000000 0.000000 0.000000 0.000000 0.000000 0.000000 0.000000 0.000000 0.000000 0.000000 0.000000 0.000000 0.000000 0.000000 0.000000 0.000000 0.000000 0.000000 0.000000 0.000000 0.000000 0.000000 0.000000 0.000056 0.000000 0.000000 0.000000 0.060966 0.099411 0.128941 0.149818 0.173611 0.191577 0.000000 0.243797 0.256879 0.279154 0.292717 0.307795 0.324711 0.338571 0.354998 0.371448 0.377571 0.390749 0.399019 0.410459 0.422797 0.431550 0.444966 0.452078 
0.000000 0.000000 0.000000 0.000000 0.000000 0.000000 0.000000 0.000000 0.000000 0.000000 0.000000 0.000000 0.000000 0.000000 0.000000 0.000000 0.000000 0.000000 0.000000 0.000000 0.000000 0.000000 0.000000 0.000000 0.000000 0.000000 0.000000 0.072014 0.000000 0.131096 0.151584 0.176256 0.197736 0.223180 0.236859 0.255163 0.281192 0.292026 0.313452 0.329999 0.337264 0.350056 0.366624 0.378695 0.393930 0.401760 0.413469 0.424720 0.432428 0.443383 0.453945 



la=1.000000
0.000000 0.000000 0.000000 0.000000 0.000000 0.000000 0.000000 0.000000 0.000000 0.000000 0.000000 0.000000 0.000000 0.000000 0.000000 0.000000 0.000000 0.000000 0.000000 0.000000 0.000000 0.000000 0.000000 0.000000 0.000000 0.000000 0.031616 0.057515 0.089267 0.121923 0.135509 0.159722 0.180702 0.208392 0.230273 0.246854 0.266657 0.280109 0.297386 0.314319 0.325459 0.343788 0.361265 0.370339 0.381049 0.392075 0.407316 0.416797 0.425400 0.437027 0.448115 
0.000000 0.000000 0.000000 0.000000 0.000000 0.000000 0.000000 0.000000 0.000000 0.000000 0.000000 0.000000 0.000000 0.000000 0.000000 0.000000 0.000000 0.000000 0.000000 0.000000 0.000000 0.000000 0.000000 0.000000 0.000000 0.000000 0.000000 0.000000 0.105444 0.137756 0.155141 0.181921 0.198921 0.226241 0.245414 0.257069 0.274652 0.287678 0.305112 0.322729 0.337562 0.350832 0.364652 0.372928 0.385401 0.397969 0.408890 0.422446 0.428276 0.441032 0.450163 
0.000000 0.000000 0.000000 0.000000 0.000000 0.000000 0.000000 0.000000 0.000000 0.000000 0.000000 0.000000 0.000000 0.000000 0.000000 0.000000 0.000000 0.000000 0.000000 0.000000 0.000000 0.000000 0.000000 0.000000 0.000000 0.028725 0.064305 0.084508 0.110991 0.000000 0.163328 0.184954 0.200639 0.224468 0.243511 0.255867 0.283217 0.295046 0.314716 0.328007 0.337776 0.349110 0.369672 0.378948 0.391144 0.399153 0.411577 0.425197 0.430389 0.444774 0.455792 
0.000000 0.000000 0.000000 0.000000 0.000000 0.000000 0.000000 0.000000 0.000000 0.000000 0.000000 0.000000 0.000000 0.000000 0.000000 0.000000 0.000000 0.000000 0.000000 0.000000 0.000000 0.000000 0.000000 0.000000 0.000000 0.000000 0.000000 0.000000 0.110330 0.142633 0.162545 0.186746 0.204461 0.230815 0.253023 0.266480 0.282695 0.294742 0.313531 0.332215 0.341186 0.357676 0.371764 0.376826 0.393219 0.403015 0.417273 0.426309 0.434295 0.444574 0.454640 
0.000000 0.000000 0.000000 0.000000 0.000000 0.000000 0.000000 0.000000 0.000000 0.000000 0.000000 0.000000 0.000000 0.000000 0.000000 0.000000 0.000000 0.000000 0.000000 0.000000 0.000000 0.000000 0.000000 0.000000 0.000000 0.000000 0.000000 0.000000 0.113746 0.146512 0.163334 0.188617 0.204100 0.227706 0.249468 0.266895 0.286388 0.297818 0.314491 0.331940 0.341892 0.361294 0.374723 0.381268 0.395937 0.402970 0.414852 0.428080 0.436662 0.445869 0.456772 



