pd=0.300000
0.000000 0.000000 0.000000 0.000000 0.000522 0.003010 0.004309 0.006978 0.010716 0.077182 0.105510 0.140353 0.181467 0.228762 0.273620 0.315733 0.352569 0.383382 0.410662 0.435715 0.459080 0.479990 0.499717 0.516696 0.531779 0.547483 0.561304 0.573050 0.584389 0.595976 0.605710 0.615016 0.624400 0.632016 0.640294 0.647556 0.654674 0.661069 0.668033 0.672861 0.678693 0.683917 0.688947 0.693865 0.698270 0.702588 0.706431 0.710224 0.714163 0.717438 0.721148 
0.000000 0.000000 0.000000 0.000000 0.001404 0.002980 0.004528 0.005828 0.009483 0.015726 0.061230 0.101442 0.154298 0.208736 0.261671 0.303616 0.344238 0.375000 0.404682 0.432433 0.455583 0.475149 0.495465 0.513056 0.528187 0.545224 0.557581 0.570635 0.582584 0.593033 0.603653 0.612895 0.621449 0.630572 0.638623 0.646299 0.652225 0.659684 0.665235 0.671562 0.677160 0.682174 0.686912 0.691813 0.696674 0.701089 0.704884 0.709162 0.712565 0.716675 0.719927 
0.000000 0.000000 0.000000 0.000000 0.000000 0.003296 0.004796 0.007079 0.010403 0.017101 0.031412 0.078679 0.149967 0.206876 0.257751 0.301295 0.338442 0.371850 0.402409 0.428124 0.451485 0.473724 0.495115 0.511539 0.527669 0.541881 0.555725 0.569956 0.580935 0.592053 0.602812 0.611481 0.620407 0.628924 0.636369 0.644504 0.650996 0.658912 0.664172 0.670192 0.675710 0.680931 0.686538 0.691444 0.696113 0.700304 0.704411 0.707972 0.712461 0.715975 0.719515 
0.000000 0.000000 0.000000 0.000000 0.002971 0.005929 0.012072 0.026810 0.049449 0.074800 0.111792 0.153914 0.193524 0.236868 0.275567 0.315357 0.347808 0.379450 0.406330 0.431641 0.454051 0.476325 0.494558 0.512482 0.528187 0.542372 0.556083 0.569097 0.580215 0.591026 0.602440 0.611583 0.620332 0.629539 0.637140 0.644298 0.650656 0.657090 0.664008 0.670300 0.675352 0.680629 0.685564 0.690846 0.695086 0.699737 0.703739 0.707539 0.711132 0.715527 0.718515 
0.000000 0.000000 0.000000 0.000000 0.001709 0.019717 0.061380 0.093819 0.148401 0.174665 0.217527 0.234781 0.267703 0.294863 0.323038 0.348258 0.373090 0.399665 0.424140 0.445106 0.464330 0.483707 0.500776 0.518101 0.532701 0.545793 0.560450 0.571868 0.582818 0.593317 0.603670 0.612619 0.622296 0.629353 0.636703 0.644599 0.651559 0.657885 0.663956 0.669695 0.675543 0.681263 0.686094 0.690810 0.695061 0.699309 0.703727 0.707621 0.711578 0.714897 0.718642 



pd=0.500000
0.000000 0.000000 0.000000 0.001914 0.003604 0.005412 0.008098 0.088595 0.106147 0.125158 0.154464 0.188403 0.225590 0.264032 0.302808 0.338215 0.369915 0.400483 0.425280 0.450059 0.471048 0.490828 0.509801 0.524943 0.541564 0.555078 0.567834 0.580349 0.591088 0.602110 0.612291 0.620506 0.629370 0.636991 0.644572 0.652070 0.658789 0.664757 0.671467 0.676613 0.682084 0.687462 0.691811 0.696337 0.700981 0.704828 0.709407 0.713245 0.716698 0.720150 0.723526 
0.000000 0.000000 0.000000 0.000870 0.003275 0.004827 0.006624 0.009959 0.040828 0.071920 0.093432 0.130677 0.179832 0.229589 0.274896 0.316189 0.349666 0.383588 0.410435 0.437240 0.459913 0.482363 0.500639 0.517497 0.533990 0.548378 0.561372 0.574344 0.585623 0.597145 0.606213 0.616230 0.625033 0.633264 0.641442 0.648697 0.654735 0.661200 0.667568 0.673516 0.679108 0.683860 0.688996 0.694024 0.698239 0.702795 0.706773 0.710848 0.714968 0.718433 0.721694 
0.000000 0.000000 0.000000 0.000496 0.003290 0.004558 0.006719 0.009596 0.012765 0.020518 0.034261 0.091784 0.155428 0.215031 0.261398 0.307150 0.342251 0.376617 0.405802 0.432523 0.455203 0.477772 0.496958 0.514266 0.528582 0.545834 0.558670 0.571884 0.583309 0.594407 0.604829 0.613607 0.622620 0.630690 0.638724 0.646393 0.653355 0.660346 0.665246 0.671561 0.677113 0.682620 0.687757 0.693236 0.697383 0.700969 0.705480 0.709587 0.713554 0.716691 0.720406 
0.000000 0.000000 0.000000 0.003122 0.006836 0.013547 0.024914 0.042948 0.068769 0.098822 0.136460 0.178099 0.218008 0.255439 0.294769 0.329659 0.360180 0.391632 0.416358 0.440405 0.463604 0.482112 0.500846 0.519339 0.534261 0.548443 0.561566 0.573422 0.585626 0.595550 0.606138 0.615036 0.623226 0.631547 0.639415 0.646712 0.654569 0.659923 0.665793 0.672138 0.677597 0.682366 0.687621 0.692767 0.697457 0.701455 0.705549 0.709547 0.712948 0.716836 0.720524 
0.000000 0.000000 0.000000 0.007748 0.030759 0.072479 0.109746 0.162051 0.191032 0.231942 0.260401 0.284034 0.317947 0.339692 0.363401 0.386153 0.408321 0.428941 0.448669 0.467108 0.485242 0.501954 0.518219 0.532867 0.546848 0.559195 0.571130 0.582024 0.592925 0.602894 0.611839 0.620104 0.628838 0.636055 0.643786 0.650228 0.656135 0.663352 0.668665 0.674732 0.680078 0.685235 0.690320 0.694413 0.698425 0.702697 0.706956 0.710390 0.714218 0.717586 0.721490 



pd=0.700000
0.000000 0.000000 0.000575 0.003264 0.005322 0.114836 0.122663 0.141339 0.158537 0.180811 0.209410 0.236757 0.272868 0.308450 0.338552 0.366910 0.395637 0.422422 0.446410 0.467937 0.487539 0.505986 0.523288 0.539341 0.552065 0.565923 0.577880 0.589298 0.600050 0.609957 0.619258 0.627151 0.636249 0.643236 0.650494 0.657675 0.664013 0.670465 0.675595 0.681751 0.686462 0.691059 0.695681 0.700462 0.704423 0.708182 0.711908 0.716594 0.719651 0.722985 0.726549 
0.000000 0.000000 0.000000 0.003114 0.004706 0.006574 0.010472 0.074817 0.088673 0.103262 0.124728 0.162309 0.205206 0.249646 0.290436 0.327325 0.362657 0.391811 0.421070 0.443436 0.467258 0.487099 0.506875 0.522358 0.537977 0.552601 0.566299 0.577663 0.589266 0.599032 0.610418 0.618950 0.627674 0.635410 0.643253 0.649821 0.657621 0.663099 0.669525 0.675412 0.680822 0.685578 0.690889 0.695218 0.699872 0.704282 0.708003 0.711819 0.715744 0.719218 0.723225 
0.000000 0.000000 0.000000 0.002982 0.004314 0.005786 0.007811 0.011348 0.014336 0.021038 0.036627 0.092741 0.163989 0.223150 0.267585 0.311267 0.348148 0.380495 0.409726 0.435386 0.458705 0.478901 0.498379 0.517709 0.531475 0.547141 0.561251 0.572624 0.585810 0.595736 0.607342 0.615056 0.623928 0.631894 0.640447 0.647282 0.654440 0.661224 0.667204 0.673364 0.678137 0.684243 0.688475 0.693908 0.698055 0.702226 0.706267 0.710265 0.714244 0.718050 0.721391 
0.000000 0.000000 0.002127 0.005268 0.010562 0.020430 0.034884 0.055811 0.081622 0.113403 0.149588 0.191938 0.229955 0.269342 0.309024 0.343557 0.372220 0.399288 0.424855 0.448289 0.471443 0.490044 0.507986 0.524050 0.538715 0.553414 0.566077 0.578653 0.589485 0.599392 0.610236 0.618043 0.627400 0.635185 0.642081 0.650494 0.657093 0.662858 0.668403 0.674281 0.679458 0.684934 0.690264 0.694513 0.699155 0.702756 0.707250 0.710962 0.714898 0.718310 0.721796 
0.000000 0.000000 0.005644 0.022707 0.055015 0.099344 0.137323 0.176904 0.216460 0.247252 0.278138 0.307922 0.331612 0.359198 0.383650 0.407423 0.428735 0.448673 0.466615 0.484791 0.501428 0.518522 0.532097 0.546169 0.557898 0.571380 0.581656 0.592285 0.601811 0.611203 0.619401 0.628283 0.636583 0.643263 0.651159 0.656362 0.662940 0.669227 0.674188 0.679723 0.684430 0.690015 0.694120 0.698996 0.702294 0.706884 0.710623 0.714442 0.717938 0.721432 0.724290 



