la=-1.000000
0.000000 0.000000 0.000000 0.000000 0.000000 0.000000 0.000000 0.000000 0.000000 0.000000 0.000000 0.000000 0.000000 0.004438 0.000000 0.006413 0.006652 0.007912 0.008212 0.008560 0.009273 0.009781 0.009741 0.010463 0.010818 0.011195 0.011091 0.011496 0.011858 0.012120 0.012247 0.012328 0.012603 0.012609 0.012845 0.012830 0.013232 0.013223 0.013492 0.013467 0.013665 0.013901 0.013804 0.013829 0.013991 0.014219 0.014110 0.014278 0.014324 0.014482 0.014542 
0.000000 0.000000 0.000000 0.000000 0.000000 0.000000 0.000000 0.000000 0.000000 0.000000 0.000000 0.000000 0.000000 0.000000 0.000000 0.302698 0.332193 0.372446 0.400966 0.428199 0.455708 0.471833 0.492479 0.508761 0.528514 0.541959 0.557358 0.568101 0.580113 0.591204 0.600893 0.611818 0.620435 0.627393 0.636537 0.643649 0.649820 0.656698 0.662905 0.670621 0.675161 0.679563 0.686422 0.690457 0.694674 0.699765 0.703131 0.706934 0.711335 0.715689 0.716740 
0.000000 0.000000 0.000000 0.000000 0.000000 0.000000 0.000000 0.000000 0.000000 0.000000 0.094550 0.126302 0.175825 0.229116 0.274623 0.312150 0.345110 0.375444 0.405358 0.431243 0.457108 0.480222 0.498470 0.512525 0.530572 0.544196 0.556473 0.570377 0.583243 0.595117 0.604335 0.613472 0.621418 0.628074 0.636897 0.644720 0.652024 0.659251 0.667039 0.670757 0.676105 0.681687 0.687186 0.691932 0.696501 0.699490 0.704598 0.709507 0.712031 0.716294 0.719884 



la=0.000000
0.000000 0.000000 0.000000 0.000000 0.000000 0.000000 0.000000 0.000000 0.000000 0.000000 0.000000 0.000000 0.000000 0.000000 0.002072 0.005718 0.007471 0.007415 0.008269 0.008610 0.009391 0.009143 0.010025 0.010330 0.010390 0.010909 0.011037 0.011552 0.011907 0.012147 0.011966 0.012204 0.012527 0.012655 0.012937 0.012865 0.013064 0.013343 0.013334 0.013474 0.013495 0.013802 0.013741 0.013899 0.013931 0.014071 0.014106 0.014297 0.014319 0.014506 0.014402 
0.000000 0.000000 0.000000 0.000000 0.000000 0.000000 0.000000 0.000000 0.000000 0.000000 0.000000 0.083945 0.146834 0.000000 0.255288 0.298720 0.335457 0.371796 0.395052 0.427074 0.452880 0.473964 0.495372 0.511243 0.525252 0.540654 0.553520 0.567172 0.577930 0.589961 0.602125 0.610752 0.618144 0.628002 0.636019 0.642410 0.649279 0.656425 0.663282 0.669259 0.675732 0.680275 0.685885 0.689508 0.693085 0.698881 0.703220 0.708022 0.711132 0.714264 0.718722 
0.000000 0.000000 0.000000 0.000000 0.000000 0.000000 0.000000 0.000000 0.000000 0.000000 0.000000 0.091637 0.000000 0.214785 0.257698 0.301068 0.336973 0.374740 0.400353 0.431090 0.454242 0.473076 0.495555 0.510012 0.528786 0.543195 0.556330 0.567158 0.582178 0.593074 0.600911 0.612131 0.620084 0.630095 0.636184 0.645532 0.651050 0.657669 0.664285 0.669108 0.675336 0.680665 0.684756 0.690177 0.696385 0.699837 0.703911 0.708523 0.712107 0.715846 0.718390 



la=1.000000
0.000000 0.000000 0.000000 0.000000 0.000000 0.000000 0.000000 0.000000 0.000000 0.000000 0.000000 0.000000 0.002380 0.004530 0.005511 0.006228 0.006950 0.007333 0.007805 0.008557 0.009445 0.009769 0.010576 0.010567 0.010620 0.011061 0.011171 0.011606 0.011707 0.011822 0.012197 0.012347 0.012671 0.012821 0.012868 0.012912 0.013174 0.013370 0.013390 0.013526 0.013629 0.013696 0.013755 0.013816 0.014016 0.013991 0.014125 0.014185 0.014276 0.014400 0.014463 
0.000000 0.000000 0.000000 0.001183 0.003881 0.005830 0.008145 0.012233 0.022364 0.038729 0.074331 0.120734 0.174354 0.214863 0.255769 0.299618 0.338180 0.377482 0.401782 0.430135 0.455051 0.470536 0.492219 0.509268 0.524533 0.540703 0.554625 0.565879 0.581018 0.593066 0.600057 0.608952 0.618028 0.628071 0.636245 0.641961 0.649711 0.656677 0.660700 0.667829 0.674651 0.679646 0.685220 0.689419 0.694713 0.698733 0.703488 0.707523 0.710871 0.714331 0.717791 
0.000000 0.000000 0.002158 0.003335 0.005500 0.008197 0.011894 0.016945 0.030974 0.045615 0.081561 0.139214 0.175543 0.234986 0.274575 0.316740 0.347990 0.377963 0.407926 0.434502 0.458979 0.479449 0.497695 0.512244 0.530874 0.544500 0.559244 0.569777 0.583771 0.595106 0.603206 0.612627 0.621792 0.629966 0.638471 0.645811 0.653269 0.657614 0.664494 0.671393 0.676344 0.680542 0.686454 0.691926 0.695454 0.700413 0.704558 0.708785 0.711492 0.715018 0.718846 



