la=-2.000000
0.000000 0.000000 0.000000 0.000000 0.000000 0.000000 0.000000 0.000000 0.000000 0.000000 0.000000 0.000000 0.000000 0.000000 0.000000 0.004999 0.006043 0.006783 0.007315 0.007805 0.008579 0.008847 0.009279 0.009802 0.010178 0.010446 0.010894 0.011049 0.011195 0.011458 0.011835 0.011900 0.012171 0.012294 0.012499 0.012641 0.012745 0.012943 0.013030 0.013191 0.013216 0.013434 0.013582 0.013654 0.013793 0.013837 0.013965 0.013953 0.014073 0.014217 0.014241 
0.000000 0.000000 0.000000 0.000000 0.000000 0.000000 0.000000 0.000000 0.000000 0.000000 0.000000 0.027018 0.087636 0.177406 0.239318 0.284356 0.323763 0.359746 0.393675 0.418315 0.443859 0.466680 0.486229 0.504438 0.521356 0.537334 0.550763 0.565098 0.575503 0.587497 0.597611 0.607851 0.617465 0.625671 0.633583 0.640726 0.648665 0.654885 0.661383 0.667847 0.673196 0.679023 0.683682 0.688806 0.693127 0.697865 0.701947 0.706439 0.710892 0.713677 0.717345 
0.000000 0.000000 0.000000 0.000000 0.000000 0.000000 0.000000 0.000000 0.000000 0.000000 0.007434 0.029053 0.117589 0.186266 0.240708 0.286340 0.328405 0.363181 0.393215 0.418343 0.445039 0.466907 0.487927 0.506344 0.521388 0.537682 0.551971 0.564713 0.577082 0.588342 0.597926 0.608827 0.617699 0.626252 0.634431 0.641652 0.649139 0.655889 0.661760 0.668565 0.673116 0.678638 0.684074 0.689119 0.693354 0.698452 0.702732 0.706589 0.710193 0.713796 0.718096 
0.000000 0.000000 0.000000 0.000000 0.000000 0.000000 0.000000 0.000000 0.000000 0.004054 0.011566 0.045848 0.122294 0.189961 0.242972 0.289946 0.331677 0.363737 0.396100 0.422531 0.446048 0.468491 0.488559 0.505796 0.522300 0.537927 0.553081 0.565333 0.576949 0.588646 0.599647 0.608980 0.617977 0.627230 0.634522 0.641752 0.649611 0.656329 0.662080 0.668029 0.673945 0.679414 0.684942 0.689090 0.694049 0.697912 0.702895 0.706774 0.710511 0.713894 0.717508 
0.000000 0.000000 0.000000 0.000000 0.000000 0.000000 0.000000 0.000000 0.000000 0.005487 0.012855 0.048187 0.129011 0.190755 0.250833 0.291383 0.329543 0.365704 0.395759 0.422034 0.447198 0.469347 0.489297 0.506210 0.524442 0.538128 0.553430 0.565536 0.577769 0.589519 0.599510 0.609973 0.618496 0.626326 0.634608 0.642660 0.649197 0.656562 0.662776 0.668260 0.674239 0.679469 0.684876 0.689712 0.694052 0.699251 0.703395 0.707436 0.710728 0.714436 0.718604 
0.000000 0.000000 0.000000 0.000000 0.000000 0.000000 0.000000 0.002079 0.000000 0.006983 0.014392 0.052119 0.131185 0.196543 0.246418 0.291837 0.331023 0.366435 0.396724 0.424356 0.448314 0.469514 0.490935 0.507878 0.524666 0.538160 0.554562 0.567706 0.578853 0.589617 0.599651 0.610125 0.618584 0.627598 0.635850 0.642829 0.650095 0.656482 0.662512 0.669263 0.675249 0.680130 0.685318 0.689622 0.695211 0.699088 0.703383 0.706955 0.710648 0.715289 0.718658 
0.000000 0.000000 0.000000 0.000000 0.000000 0.000000 0.000000 0.000962 0.004727 0.008835 0.016890 0.060780 0.131662 0.196649 0.252077 0.293830 0.331515 0.367110 0.397374 0.424126 0.448120 0.470242 0.489259 0.509589 0.525861 0.540767 0.553950 0.566996 0.579558 0.589914 0.600546 0.610084 0.619456 0.627082 0.635953 0.642548 0.650556 0.656500 0.663466 0.669588 0.674306 0.680401 0.685201 0.690393 0.695036 0.699282 0.703113 0.707377 0.711159 0.715165 0.718274 
0.000000 0.000000 0.000000 0.000000 0.000000 0.000000 0.002219 0.001924 0.005063 0.008779 0.017737 0.064291 0.137250 0.199797 0.248051 0.295961 0.333509 0.367872 0.398365 0.425343 0.447915 0.470095 0.490574 0.508038 0.526352 0.540622 0.554011 0.568293 0.580003 0.591037 0.600879 0.610638 0.618701 0.628125 0.635607 0.644018 0.650721 0.657536 0.663300 0.669319 0.675536 0.680943 0.685462 0.690894 0.694471 0.699733 0.703648 0.707815 0.711298 0.714976 0.718289 
0.000000 0.000000 0.000000 0.000000 0.000000 0.000512 0.002167 0.003854 0.005433 0.010527 0.018992 0.077386 0.138931 0.199411 0.253007 0.296713 0.337167 0.369805 0.400757 0.425839 0.449560 0.472349 0.491789 0.509375 0.525615 0.542245 0.556005 0.569002 0.580074 0.591018 0.601857 0.610704 0.620279 0.628280 0.635869 0.643719 0.651571 0.657272 0.663864 0.670069 0.675269 0.680927 0.685997 0.690084 0.695706 0.699374 0.703489 0.708212 0.712298 0.715252 0.718887 
0.000000 0.000000 0.000000 0.000000 0.000000 0.000000 0.000000 0.004481 0.006569 0.010186 0.022054 0.080868 0.144298 0.203867 0.253744 0.298734 0.337489 0.369245 0.400717 0.425881 0.452134 0.473867 0.492631 0.510699 0.526307 0.541878 0.556429 0.568167 0.579989 0.590580 0.602159 0.610979 0.620396 0.629168 0.636305 0.644039 0.651907 0.658354 0.664156 0.670446 0.675712 0.680418 0.685997 0.690700 0.695680 0.699540 0.704126 0.708711 0.712141 0.715402 0.718918 
0.000000 0.000000 0.000000 0.000000 0.000000 0.001520 0.002980 0.004713 0.006499 0.011298 0.024716 0.084471 0.146632 0.203753 0.254025 0.299671 0.338472 0.369216 0.400059 0.426657 0.452117 0.471948 0.492419 0.511069 0.527544 0.542941 0.556319 0.568904 0.581419 0.592538 0.601626 0.611328 0.622028 0.629320 0.636236 0.644700 0.651777 0.657853 0.664471 0.670150 0.675988 0.681454 0.686307 0.691215 0.695561 0.700052 0.704415 0.708297 0.712206 0.715595 0.719416 
0.000000 0.000000 0.000000 0.000000 0.000000 0.000030 0.003148 0.004634 0.006903 0.012461 0.024370 0.090252 0.147575 0.203580 0.256044 0.299871 0.337914 0.373437 0.402108 0.429054 0.451388 0.475427 0.494665 0.511152 0.528007 0.542206 0.556478 0.569807 0.581347 0.592062 0.602468 0.612633 0.620527 0.630122 0.637792 0.644795 0.652645 0.657902 0.663752 0.670909 0.676343 0.681563 0.686572 0.691199 0.696402 0.699808 0.704718 0.708645 0.712945 0.716018 0.719187 
0.000000 0.000000 0.000000 0.000000 0.000000 0.002066 0.003489 0.005254 0.007852 0.013567 0.033158 0.090930 0.147926 0.203914 0.257318 0.299528 0.341724 0.372393 0.401455 0.429765 0.453274 0.474522 0.493889 0.510942 0.527549 0.542855 0.557421 0.570021 0.582139 0.592355 0.602606 0.612217 0.621419 0.629913 0.637460 0.645536 0.652329 0.658550 0.665212 0.670888 0.675917 0.681575 0.687234 0.691880 0.696218 0.700709 0.704521 0.709005 0.712627 0.716418 0.719621 
0.000000 0.000000 0.000000 0.000000 0.000873 0.002134 0.004017 0.005645 0.008430 0.015432 0.045270 0.093317 0.149889 0.207011 0.261090 0.302159 0.340446 0.372907 0.402495 0.428110 0.453397 0.474804 0.493791 0.512474 0.528644 0.543426 0.557187 0.570119 0.581139 0.592916 0.602485 0.612596 0.620872 0.629920 0.638074 0.645702 0.652189 0.659485 0.665023 0.670754 0.676901 0.681974 0.687076 0.691605 0.696300 0.700399 0.704546 0.709096 0.712638 0.716766 0.719668 
0.000000 0.000000 0.000000 0.000000 0.000000 0.002722 0.004023 0.005746 0.008831 0.014870 0.052116 0.098668 0.151922 0.209915 0.257434 0.304408 0.341576 0.373601 0.403076 0.429005 0.453043 0.474748 0.494898 0.512418 0.530093 0.544363 0.558144 0.570136 0.581922 0.593167 0.602823 0.612731 0.622039 0.630338 0.638494 0.645189 0.652365 0.658992 0.664967 0.672360 0.676737 0.681675 0.686742 0.691983 0.696383 0.700826 0.704549 0.708809 0.712470 0.716617 0.719979 
0.000000 0.000000 0.000000 0.000000 0.000085 0.000000 0.004476 0.006110 0.010155 0.015935 0.061115 0.100534 0.156344 0.212667 0.258913 0.302170 0.341292 0.374443 0.405432 0.430942 0.455474 0.475194 0.495052 0.512988 0.529136 0.544867 0.557531 0.570072 0.582341 0.593473 0.603192 0.613664 0.622226 0.630712 0.638742 0.645672 0.651881 0.659692 0.665104 0.672281 0.677361 0.681852 0.687674 0.692364 0.696198 0.701649 0.705122 0.709351 0.713416 0.716505 0.719944 
0.000000 0.000000 0.000000 0.000000 0.000000 0.002978 0.004159 0.006573 0.009868 0.016321 0.065301 0.106537 0.158781 0.213962 0.262038 0.304871 0.342460 0.376061 0.404740 0.430536 0.456508 0.476864 0.495309 0.514018 0.530343 0.545264 0.558711 0.571264 0.583620 0.593406 0.605173 0.613683 0.622386 0.630656 0.638170 0.646062 0.652782 0.659498 0.666155 0.671291 0.677120 0.683125 0.687658 0.691925 0.696672 0.701417 0.705659 0.709696 0.713285 0.717880 0.720184 
0.000000 0.000000 0.000000 0.000000 0.002263 0.003349 0.004811 0.006865 0.010983 0.017948 0.071091 0.104738 0.163024 0.218094 0.264876 0.305936 0.343061 0.375641 0.405897 0.430285 0.456519 0.477318 0.495932 0.513998 0.529446 0.544848 0.558929 0.571326 0.583532 0.594180 0.604028 0.614709 0.622874 0.631435 0.639561 0.646109 0.653690 0.659872 0.666305 0.672364 0.677504 0.682386 0.688296 0.692937 0.697676 0.701867 0.705904 0.709378 0.713377 0.717225 0.720456 
0.000000 0.000000 0.000000 0.000000 0.002330 0.003559 0.005145 0.007151 0.011222 0.022145 0.070472 0.108973 0.160261 0.218997 0.264975 0.305675 0.345817 0.376480 0.409051 0.431712 0.456333 0.478699 0.498373 0.514106 0.530282 0.544615 0.558889 0.571581 0.583874 0.593689 0.604595 0.614342 0.623208 0.631734 0.639347 0.646650 0.653460 0.659773 0.666485 0.671652 0.678359 0.683090 0.687855 0.692756 0.697299 0.701872 0.705812 0.709930 0.713568 0.717317 0.721031 
0.000000 0.000000 0.000000 0.000000 0.000102 0.003722 0.005029 0.008064 0.011731 0.039123 0.073754 0.114410 0.165168 0.217915 0.267227 0.308324 0.343723 0.379418 0.406809 0.432912 0.455612 0.478076 0.497469 0.514023 0.530920 0.546124 0.559053 0.572485 0.583501 0.594950 0.605401 0.613936 0.623692 0.631706 0.639436 0.646806 0.654510 0.660212 0.667036 0.672780 0.677757 0.683277 0.688085 0.693551 0.697187 0.701617 0.705780 0.709713 0.713619 0.717517 0.721342 
0.000000 0.000000 0.000000 0.000513 0.002678 0.003712 0.005633 0.008211 0.012785 0.055023 0.077490 0.115151 0.168122 0.220821 0.267800 0.307639 0.345920 0.378919 0.407700 0.434216 0.457046 0.479512 0.498282 0.515677 0.532008 0.545436 0.560486 0.572423 0.585118 0.594927 0.604697 0.614425 0.623116 0.632224 0.639647 0.646988 0.653033 0.660539 0.666832 0.672478 0.677804 0.683570 0.688081 0.693220 0.697577 0.701551 0.706303 0.709933 0.713675 0.717334 0.720857 
0.000000 0.000000 0.000000 0.000000 0.002765 0.003935 0.005987 0.008688 0.013435 0.059225 0.081590 0.121617 0.169607 0.222795 0.269732 0.311453 0.347859 0.378402 0.408780 0.434323 0.457213 0.478059 0.498622 0.516027 0.532067 0.547205 0.561627 0.573747 0.584516 0.595335 0.605844 0.614128 0.623714 0.632097 0.640844 0.648305 0.654083 0.660778 0.666912 0.673040 0.677998 0.683301 0.688498 0.693251 0.697873 0.702300 0.706314 0.710916 0.713844 0.717532 0.721164 
0.000000 0.000000 0.000000 0.001914 0.000049 0.004332 0.005706 0.008877 0.015043 0.063136 0.084362 0.120373 0.174385 0.220670 0.271723 0.312939 0.346843 0.381456 0.410344 0.434151 0.458446 0.480372 0.499801 0.516050 0.532482 0.546564 0.560995 0.572807 0.584657 0.595676 0.605254 0.615898 0.624167 0.632444 0.640016 0.647935 0.654228 0.660470 0.667272 0.673009 0.678311 0.683605 0.689123 0.693255 0.697742 0.702483 0.706345 0.710474 0.714124 0.717306 0.720602 
0.000000 0.000000 0.000000 0.000000 0.003196 0.004305 0.006175 0.009043 0.016115 0.066649 0.086796 0.122403 0.174261 0.225299 0.272576 0.313581 0.350274 0.380879 0.411098 0.436306 0.459628 0.481294 0.499366 0.516356 0.532142 0.547776 0.561227 0.572865 0.585090 0.596680 0.606498 0.616065 0.624543 0.632738 0.640522 0.647199 0.654460 0.661038 0.667033 0.672975 0.679382 0.683931 0.688916 0.694005 0.698683 0.702600 0.706174 0.710556 0.714336 0.717786 0.721034 
0.000000 0.000000 0.000000 0.000000 0.003050 0.004589 0.006717 0.010028 0.023107 0.067105 0.088311 0.125165 0.176862 0.226989 0.272998 0.312694 0.351140 0.382966 0.412113 0.437578 0.459735 0.480318 0.500308 0.517996 0.534817 0.548355 0.561731 0.573910 0.585625 0.596343 0.605817 0.615905 0.624641 0.632543 0.640812 0.647970 0.654690 0.661561 0.668264 0.673114 0.678630 0.684338 0.688786 0.693646 0.697880 0.702367 0.706603 0.710447 0.714495 0.717754 0.721006 
0.000000 0.000000 0.000000 0.000764 0.003288 0.005086 0.007333 0.010524 0.037906 0.072672 0.094058 0.129551 0.179093 0.227895 0.276054 0.314625 0.352455 0.381755 0.411255 0.438990 0.460118 0.480742 0.500536 0.518134 0.533696 0.548515 0.561846 0.574151 0.585787 0.596583 0.606431 0.616231 0.624553 0.633310 0.640515 0.647737 0.655020 0.661430 0.668609 0.673593 0.678794 0.684006 0.688813 0.693593 0.697802 0.703228 0.707354 0.710950 0.714559 0.718147 0.721498 
0.000000 0.000000 0.000000 0.002151 0.003315 0.004938 0.007343 0.010904 0.057663 0.074757 0.094872 0.132359 0.180615 0.228952 0.278120 0.316862 0.352516 0.384974 0.412846 0.438611 0.460638 0.483282 0.501558 0.517960 0.533932 0.546441 0.562613 0.575190 0.586758 0.597214 0.607432 0.616674 0.625690 0.632868 0.641218 0.648651 0.655516 0.661309 0.668378 0.673689 0.679436 0.684627 0.689609 0.694259 0.699065 0.702783 0.706844 0.711005 0.714784 0.718509 0.721756 
0.000000 0.000000 0.000000 0.002251 0.003653 0.005363 0.007629 0.011796 0.060252 0.077383 0.101044 0.135161 0.183114 0.233030 0.276658 0.319370 0.353032 0.386333 0.413669 0.438929 0.461140 0.481995 0.501991 0.518650 0.534759 0.548477 0.562451 0.574723 0.587273 0.597627 0.607548 0.616846 0.625707 0.633836 0.641221 0.648983 0.655246 0.661644 0.667999 0.673934 0.678954 0.684298 0.689849 0.694056 0.698612 0.703002 0.707115 0.711094 0.715006 0.718415 0.721875 
0.000000 0.000000 0.000000 0.002450 0.003607 0.005214 0.007868 0.012465 0.063560 0.080510 0.102043 0.139291 0.186748 0.235934 0.278355 0.320165 0.352019 0.384402 0.414709 0.438656 0.462016 0.482674 0.502414 0.519016 0.535572 0.549548 0.562063 0.575865 0.586831 0.597456 0.606783 0.617222 0.626189 0.633400 0.641799 0.649336 0.656284 0.662453 0.667655 0.673865 0.679600 0.685003 0.689946 0.694385 0.699106 0.703786 0.707431 0.711116 0.715575 0.718197 0.721817 
0.000000 0.000000 0.000000 0.002572 0.003785 0.005790 0.008285 0.012700 0.067563 0.081189 0.104754 0.143460 0.189122 0.236619 0.280140 0.320524 0.353773 0.386789 0.415555 0.438816 0.462994 0.483688 0.502050 0.521220 0.535970 0.550645 0.562551 0.574488 0.586826 0.598045 0.608524 0.617391 0.626644 0.633547 0.641929 0.649240 0.656029 0.662482 0.668681 0.674225 0.680493 0.685108 0.690220 0.694585 0.698653 0.703084 0.707307 0.711503 0.714849 0.718335 0.721821 
0.000000 0.000000 0.000000 0.002723 0.004174 0.005803 0.008182 0.022511 0.071836 0.085083 0.108561 0.144846 0.192737 0.239428 0.282051 0.321487 0.357349 0.387536 0.416086 0.440900 0.462342 0.485004 0.503194 0.519359 0.536372 0.550663 0.563167 0.576680 0.588087 0.597682 0.608175 0.617682 0.626167 0.634438 0.641932 0.648752 0.655915 0.662153 0.668985 0.674260 0.680426 0.684971 0.690341 0.694448 0.699162 0.703828 0.707580 0.711392 0.715187 0.718675 0.722197 
0.000000 0.000000 0.001010 0.002674 0.004067 0.005952 0.008215 0.055606 0.076627 0.089543 0.115252 0.149309 0.196002 0.239141 0.285131 0.321689 0.357349 0.388583 0.416986 0.442078 0.465313 0.484318 0.503147 0.521495 0.536503 0.551173 0.564219 0.577163 0.587518 0.598836 0.608538 0.618029 0.627260 0.634585 0.642979 0.648783 0.656077 0.662660 0.669013 0.674866 0.680145 0.685335 0.690003 0.695418 0.699543 0.703627 0.707875 0.711377 0.715533 0.718817 0.721926 
0.000000 0.000000 0.000000 0.002877 0.004033 0.006276 0.009101 0.062841 0.075493 0.092363 0.116598 0.150355 0.196498 0.243682 0.285763 0.325252 0.359280 0.389641 0.417103 0.442915 0.464176 0.485440 0.502992 0.521095 0.535628 0.551375 0.565584 0.577598 0.589531 0.599248 0.608406 0.617850 0.626845 0.634922 0.642726 0.650057 0.656866 0.662474 0.669196 0.674969 0.680457 0.684760 0.690253 0.695645 0.699046 0.704076 0.707829 0.711959 0.715512 0.719070 0.722400 
0.000000 0.000000 0.000210 0.002755 0.004141 0.006285 0.010215 0.067217 0.079577 0.092848 0.118936 0.156200 0.199959 0.243692 0.286653 0.326398 0.359720 0.389981 0.418390 0.443918 0.465239 0.486109 0.504523 0.522010 0.536391 0.551955 0.565076 0.577979 0.589114 0.599880 0.608813 0.618558 0.627691 0.634920 0.642790 0.650504 0.656355 0.663371 0.669466 0.674814 0.680321 0.685525 0.690721 0.695458 0.700124 0.704112 0.707470 0.711507 0.715844 0.719278 0.722860 
0.000000 0.000000 0.000000 0.002869 0.004391 0.006823 0.010055 0.070045 0.085149 0.098398 0.123135 0.160538 0.201429 0.247441 0.289646 0.327774 0.360416 0.391688 0.419321 0.444668 0.465381 0.487069 0.505616 0.521782 0.537843 0.552010 0.565186 0.577309 0.589316 0.599547 0.609700 0.619565 0.627675 0.635458 0.643070 0.650165 0.656413 0.663450 0.669597 0.675369 0.680563 0.686035 0.691012 0.696077 0.699673 0.704564 0.708328 0.712156 0.715995 0.719217 0.722767 
0.000000 0.000000 0.000000 0.002881 0.004500 0.006755 0.010867 0.073412 0.084559 0.102706 0.127637 0.160898 0.205345 0.247864 0.289453 0.328340 0.361221 0.394419 0.419445 0.445150 0.466031 0.487042 0.506837 0.523103 0.538066 0.551743 0.566586 0.577406 0.588544 0.600427 0.609463 0.618559 0.627368 0.636675 0.643722 0.650013 0.657047 0.663767 0.669709 0.675271 0.680799 0.685560 0.690669 0.695896 0.700092 0.704487 0.708315 0.711804 0.715882 0.719451 0.722308 
0.000000 0.000000 0.000000 0.003126 0.004915 0.006975 0.011359 0.077217 0.090789 0.102882 0.128020 0.165318 0.212390 0.253136 0.292634 0.329492 0.364733 0.393752 0.421834 0.446330 0.468194 0.489052 0.506353 0.523886 0.540622 0.552523 0.566958 0.577768 0.589282 0.600605 0.610375 0.619311 0.627673 0.635934 0.643454 0.651005 0.657226 0.663810 0.669747 0.675278 0.681233 0.686167 0.691087 0.695661 0.700170 0.704605 0.708610 0.712029 0.716130 0.719097 0.722817 
0.000000 0.000000 0.000118 0.003238 0.005105 0.007659 0.012041 0.082647 0.095712 0.110941 0.133599 0.171386 0.212146 0.256104 0.294200 0.331461 0.366021 0.396119 0.421635 0.447474 0.468705 0.488512 0.506556 0.524697 0.540149 0.553839 0.566409 0.578213 0.590008 0.600588 0.610871 0.619510 0.628368 0.636340 0.644104 0.650705 0.657485 0.663896 0.670591 0.675435 0.680723 0.686266 0.691285 0.696247 0.700443 0.704824 0.708322 0.712827 0.716329 0.719731 0.722605 
0.000000 0.000000 0.001851 0.003386 0.005013 0.007463 0.071552 0.082598 0.100383 0.114484 0.139959 0.173662 0.215282 0.257600 0.297016 0.334003 0.366453 0.397792 0.423344 0.448723 0.470372 0.489734 0.507190 0.524985 0.540464 0.554047 0.567063 0.579283 0.590142 0.601120 0.612039 0.620346 0.628200 0.636374 0.643880 0.650863 0.658188 0.664786 0.670520 0.676046 0.681055 0.686322 0.691712 0.696182 0.700653 0.704527 0.708665 0.712436 0.716679 0.719295 0.723222 
0.000000 0.000000 0.001960 0.003449 0.005217 0.007894 0.078117 0.086749 0.099556 0.116312 0.142624 0.178013 0.218780 0.259138 0.298103 0.335014 0.368385 0.398081 0.423811 0.448434 0.469775 0.489651 0.509312 0.525713 0.540070 0.553822 0.567584 0.579292 0.591661 0.601529 0.611010 0.620416 0.628370 0.636952 0.644107 0.651974 0.658401 0.664196 0.670882 0.676207 0.681426 0.686565 0.691776 0.696155 0.700745 0.704736 0.709286 0.713048 0.716112 0.719699 0.722705 
0.000000 0.000000 0.000000 0.003616 0.005434 0.008035 0.082837 0.090175 0.103762 0.123411 0.144102 0.180606 0.223848 0.263866 0.302053 0.337858 0.369382 0.400219 0.426763 0.449787 0.471033 0.490504 0.510062 0.526741 0.541554 0.554907 0.568623 0.580323 0.592262 0.601853 0.611936 0.620400 0.629655 0.636736 0.644425 0.651985 0.657942 0.664710 0.670801 0.676704 0.682267 0.687392 0.691747 0.696411 0.701093 0.704750 0.708985 0.712910 0.716151 0.719767 0.724017 
0.000000 0.000000 0.002112 0.003596 0.005675 0.008631 0.087611 0.100457 0.108404 0.126176 0.149362 0.185843 0.229101 0.266616 0.303536 0.339562 0.370800 0.402033 0.426809 0.451287 0.471560 0.491464 0.510976 0.526390 0.541610 0.555861 0.567894 0.580852 0.592533 0.602289 0.611290 0.621188 0.629536 0.636600 0.645556 0.651987 0.658548 0.665137 0.671962 0.676108 0.682327 0.686575 0.692385 0.697131 0.700723 0.705020 0.709449 0.713000 0.716877 0.719999 0.723652 
0.000000 0.000000 0.002128 0.003750 0.005763 0.008777 0.095582 0.102028 0.120265 0.134948 0.154340 0.188639 0.227277 0.269962 0.307424 0.341410 0.372244 0.401044 0.428195 0.451664 0.473755 0.493642 0.511726 0.527804 0.541974 0.556918 0.570296 0.580860 0.592799 0.602676 0.613104 0.621485 0.629873 0.637369 0.645115 0.652261 0.658969 0.664525 0.670957 0.676676 0.682239 0.687159 0.692088 0.696591 0.701062 0.705133 0.709169 0.713311 0.716949 0.720279 0.723631 
0.000000 0.000000 0.000000 0.003876 0.005887 0.009362 0.105309 0.110912 0.123889 0.136724 0.165975 0.195479 0.233884 0.273407 0.309341 0.343810 0.375543 0.403296 0.429849 0.452891 0.474762 0.494248 0.512906 0.527817 0.542626 0.556232 0.570113 0.581795 0.592703 0.602970 0.612576 0.621338 0.629796 0.638828 0.645288 0.652118 0.659923 0.665599 0.671105 0.676954 0.683013 0.687395 0.692055 0.696872 0.701411 0.705452 0.709444 0.713355 0.716505 0.720405 0.723653 
0.000000 0.000000 0.002239 0.003889 0.006106 0.009599 0.110008 0.126203 0.131266 0.145547 0.171272 0.203138 0.238933 0.277580 0.312920 0.346619 0.376428 0.405370 0.430854 0.453986 0.474813 0.495002 0.511973 0.529123 0.545051 0.557176 0.570250 0.581591 0.593217 0.603717 0.613923 0.622760 0.630376 0.638349 0.645765 0.653400 0.659209 0.665475 0.671005 0.676915 0.682989 0.688087 0.692794 0.696838 0.700741 0.705476 0.710007 0.713467 0.717066 0.720553 0.723807 
0.000000 0.000000 0.002364 0.004202 0.006370 0.010691 0.127489 0.123088 0.136291 0.151734 0.173611 0.206598 0.243333 0.279667 0.317203 0.347510 0.380203 0.405446 0.432483 0.455172 0.476444 0.495642 0.514509 0.529296 0.543745 0.557717 0.571736 0.583087 0.593604 0.604246 0.613004 0.622795 0.630818 0.638489 0.646535 0.653472 0.659799 0.665473 0.672269 0.677293 0.682661 0.688001 0.692802 0.697824 0.701820 0.706106 0.709303 0.713496 0.717218 0.720891 0.723647 
0.000000 0.000000 0.002494 0.004095 0.006301 0.152593 0.148951 0.143864 0.158911 0.166395 0.180683 0.216716 0.246352 0.283092 0.316586 0.352207 0.382703 0.408949 0.432732 0.457755 0.479312 0.497436 0.515000 0.530669 0.545866 0.558898 0.571246 0.583299 0.593564 0.604384 0.614510 0.622733 0.631422 0.640153 0.647041 0.653800 0.659657 0.666934 0.671787 0.677753 0.683166 0.688147 0.692413 0.697530 0.701718 0.705458 0.709213 0.713041 0.717332 0.720881 0.723552 
0.000000 0.000000 0.002474 0.004161 0.006368 0.209454 0.184868 0.170727 0.173387 0.169375 0.191749 0.219606 0.256143 0.288287 0.323502 0.356360 0.384507 0.411273 0.434389 0.456783 0.479555 0.498376 0.514956 0.532178 0.546796 0.559105 0.572072 0.583043 0.594869 0.604240 0.614685 0.623438 0.631504 0.639763 0.646776 0.654493 0.660278 0.666356 0.672053 0.678528 0.683415 0.688232 0.693342 0.697268 0.701232 0.706246 0.710044 0.713713 0.717703 0.720867 0.724104 
0.000000 0.000000 0.002545 0.004262 0.006856 0.378642 0.229297 0.221617 0.200687 0.203241 0.203738 0.232663 0.260758 0.294899 0.328420 0.358023 0.385076 0.413180 0.437752 0.459732 0.479476 0.500287 0.516772 0.533008 0.548256 0.560894 0.573327 0.583671 0.595485 0.606072 0.614887 0.623312 0.631684 0.640217 0.647918 0.654343 0.660701 0.666701 0.672871 0.678534 0.683754 0.688709 0.693472 0.697946 0.701968 0.706379 0.710235 0.713544 0.717940 0.721116 0.724330 
0.000000 0.000000 0.002626 0.004514 0.007171 0.573908 0.586605 0.350153 0.266953 0.238894 0.225228 0.249618 0.268409 0.298882 0.333467 0.361533 0.391735 0.415898 0.439506 0.462400 0.481872 0.501106 0.516713 0.533338 0.548247 0.561479 0.573076 0.584646 0.595778 0.606087 0.615211 0.624335 0.632668 0.639768 0.646892 0.654724 0.660980 0.666745 0.673067 0.678755 0.683693 0.688491 0.694101 0.697900 0.702685 0.706832 0.710322 0.714082 0.717608 0.720910 0.724567 
0.000000 0.000000 0.000000 0.004456 0.007461 0.614892 0.657623 0.695020 0.702857 0.709432 0.698185 0.264305 0.283549 0.307375 0.335521 0.365823 0.392888 0.419476 0.441732 0.465160 0.484029 0.502204 0.520076 0.534643 0.549735 0.562902 0.574911 0.586659 0.596834 0.606169 0.616828 0.624563 0.633824 0.641192 0.647824 0.655549 0.662645 0.667961 0.673579 0.679242 0.684671 0.689545 0.694049 0.698421 0.702517 0.706762 0.710731 0.714600 0.718169 0.721314 0.724056 



