pd=0.300000
0.000000 0.000000 0.000000 0.000000 0.000000 0.000000 0.000000 0.000000 0.000000 0.000000 0.000000 0.000000 0.000000 0.025562 0.024034 0.000000 0.015789 0.013909 0.012323 0.011063 0.010892 0.007829 0.009748 0.008190 0.006579 0.007818 0.005366 0.005867 0.005710 0.006004 0.005898 0.005001 0.004558 0.004262 0.004895 0.004795 0.004692 0.004444 0.004444 0.003576 0.003781 0.003291 0.003780 0.004138 0.003552 0.003058 0.003263 0.003721 0.003394 0.003041 0.003181 
0.000000 0.000000 0.000000 0.000000 0.000000 0.000000 0.000000 0.000000 0.000000 0.000000 0.000000 0.000000 0.000000 0.000000 0.000000 0.000000 0.018077 0.012238 0.011115 0.007586 0.011996 0.006714 0.007794 0.005691 0.006425 0.006183 0.005513 0.006191 0.005429 0.005274 0.005264 0.004946 0.005403 0.005211 0.004768 0.004526 0.003819 0.004319 0.004451 0.004241 0.003836 0.003288 0.003777 0.002877 0.003527 0.003410 0.003228 0.003352 0.003540 0.003213 0.003304 
0.000000 0.000000 0.000000 0.000000 0.000000 0.000000 0.000000 0.000000 0.000000 0.000000 0.000000 0.157507 0.067669 0.000000 0.026753 0.017551 0.016111 0.014026 0.011614 0.015461 0.010578 0.007611 0.008648 0.007930 0.008163 0.007949 0.006032 0.005624 0.006240 0.007170 0.004709 0.005603 0.004724 0.004928 0.003793 0.006014 0.005334 0.003775 0.004248 0.004727 0.004028 0.003716 0.003914 0.002761 0.003470 0.003626 0.003105 0.003431 0.003626 0.003529 0.002993 
0.000000 0.000000 0.000000 0.068183 0.035975 0.053744 0.211318 0.195309 0.146414 0.137821 0.037855 0.054354 0.019950 0.019213 0.016157 0.014282 0.012035 0.010086 0.010186 0.011590 0.010678 0.007775 0.007997 0.008113 0.006854 0.006054 0.007436 0.006927 0.004192 0.004856 0.005035 0.004806 0.004796 0.004534 0.004483 0.005831 0.004109 0.003762 0.004320 0.003976 0.003870 0.003723 0.003858 0.003173 0.003537 0.003648 0.003371 0.003343 0.003636 0.003371 0.003333 
0.000000 0.000000 0.000000 0.049236 0.172786 0.264618 0.162508 0.096114 0.098355 0.083118 0.054190 0.046486 0.045220 0.030396 0.022571 0.018616 0.016172 0.016392 0.010637 0.011272 0.008593 0.011070 0.008754 0.006636 0.007554 0.006382 0.006276 0.005732 0.007076 0.004763 0.004656 0.004784 0.005607 0.004181 0.004318 0.004428 0.004476 0.003228 0.004049 0.003446 0.003799 0.003743 0.003245 0.003971 0.003827 0.003217 0.003429 0.003618 0.003578 0.003172 0.002834 



pd=0.500000
0.000000 0.000000 0.000000 0.000000 0.000000 0.000000 0.000000 0.000000 0.000000 0.000000 0.000000 0.000000 0.035001 0.034502 0.017439 0.015711 0.012688 0.014508 0.009119 0.010174 0.008035 0.008573 0.008224 0.009197 0.005270 0.006330 0.007072 0.005559 0.006000 0.005553 0.004372 0.005285 0.004917 0.004685 0.004668 0.004769 0.004239 0.003801 0.003838 0.003964 0.002971 0.003620 0.003765 0.003718 0.002805 0.003668 0.002994 0.003406 0.002854 0.003053 0.002730 
0.000000 0.000000 0.000000 0.000000 0.000000 0.000000 0.000000 0.000000 0.000000 0.000000 0.000000 0.020221 0.000000 0.000000 0.025424 0.014237 0.000000 0.010638 0.011211 0.010663 0.009729 0.009434 0.007585 0.006887 0.007442 0.006676 0.007084 0.006551 0.004233 0.005593 0.004995 0.005282 0.004251 0.004583 0.003977 0.004596 0.004787 0.003374 0.004847 0.004069 0.004144 0.003400 0.004166 0.003858 0.003252 0.003472 0.003733 0.003621 0.002937 0.003204 0.003395 
0.000000 0.000000 0.000000 0.000000 0.000000 0.000000 0.000000 0.000000 0.000000 0.000000 0.000000 0.000000 0.020550 0.024884 0.026240 0.022761 0.014733 0.016658 0.010211 0.010770 0.009185 0.008393 0.009621 0.006429 0.007071 0.006792 0.006170 0.007939 0.006040 0.005193 0.004661 0.004763 0.005780 0.005315 0.004126 0.004470 0.003977 0.004510 0.003847 0.003357 0.004165 0.003393 0.004015 0.002800 0.003238 0.003894 0.003693 0.003248 0.002668 0.003187 0.002816 
0.000000 0.000000 0.000000 0.040652 0.170534 0.090895 0.169301 0.069042 0.075856 0.081794 0.055224 0.073387 0.040826 0.016043 0.017860 0.017488 0.011130 0.009950 0.011391 0.010919 0.010125 0.008208 0.007169 0.006957 0.006384 0.006058 0.004960 0.006734 0.005533 0.005158 0.004253 0.005332 0.004382 0.004466 0.004119 0.004299 0.004824 0.004017 0.004025 0.004074 0.003406 0.003570 0.003893 0.003158 0.002921 0.003849 0.003153 0.003330 0.003328 0.003001 0.003691 
0.000000 0.000000 0.090848 0.260709 0.254044 0.145690 0.093612 0.129156 0.077177 0.062542 0.056499 0.040728 0.047945 0.033873 0.035722 0.020525 0.017150 0.010128 0.014438 0.009488 0.009597 0.010084 0.007937 0.007971 0.006424 0.005488 0.005110 0.006624 0.005703 0.005634 0.003659 0.004496 0.004339 0.004931 0.003758 0.004172 0.003794 0.003871 0.003867 0.003624 0.003870 0.004337 0.003453 0.003068 0.002914 0.003363 0.002897 0.002976 0.002781 0.003219 0.002636 



pd=0.700000
0.000000 0.000000 0.000000 0.000000 0.000000 0.000000 0.000000 0.000000 0.000000 0.000000 0.000000 0.046502 0.000000 0.000000 0.013633 0.019660 0.014266 0.008356 0.009648 0.009669 0.008973 0.006702 0.008038 0.007721 0.007248 0.006051 0.005575 0.006131 0.006017 0.006395 0.005466 0.004470 0.004755 0.005132 0.003885 0.004342 0.004376 0.004301 0.003836 0.003863 0.003823 0.003280 0.003417 0.003884 0.003904 0.003290 0.003318 0.003260 0.003101 0.003263 0.002740 
0.000000 0.000000 0.000000 0.000000 0.000000 0.000000 0.000000 0.000000 0.000000 0.000000 0.000000 0.000000 0.045965 0.018709 0.000000 0.000000 0.011017 0.015926 0.011147 0.009355 0.009044 0.011128 0.006997 0.008421 0.007877 0.007297 0.006757 0.005230 0.006022 0.005900 0.005435 0.004961 0.005366 0.004698 0.003965 0.003922 0.003571 0.004306 0.003746 0.003512 0.003876 0.004409 0.003648 0.003331 0.003208 0.003233 0.003197 0.003093 0.002952 0.003044 0.002991 
0.000000 0.000000 0.000000 0.000000 0.000000 0.000000 0.000000 0.000000 0.000000 0.000000 0.025116 0.110563 0.033906 0.026631 0.028410 0.023646 0.021525 0.013690 0.011382 0.015527 0.009878 0.009361 0.007722 0.007975 0.009282 0.006742 0.007745 0.006973 0.005191 0.005309 0.005751 0.004972 0.005170 0.004887 0.004348 0.004928 0.005020 0.003428 0.003916 0.004287 0.004321 0.003917 0.003434 0.004060 0.003070 0.003303 0.003195 0.002800 0.003883 0.002853 0.002900 
0.000000 0.000000 0.058477 0.107047 0.099708 0.098331 0.113256 0.073480 0.069430 0.078641 0.046031 0.031477 0.039168 0.032586 0.015123 0.011873 0.015162 0.013087 0.010657 0.010910 0.007547 0.009468 0.007334 0.010006 0.006336 0.008091 0.005224 0.005948 0.005765 0.004780 0.005117 0.005216 0.005182 0.004263 0.004044 0.005020 0.005233 0.003572 0.003717 0.003635 0.003201 0.003373 0.003730 0.003695 0.003200 0.003846 0.003707 0.003132 0.002923 0.003215 0.002987 
0.000000 0.000000 0.104984 0.189525 0.190173 0.183257 0.195181 0.178899 0.108966 0.102733 0.071197 0.077239 0.045415 0.036203 0.039207 0.027630 0.024855 0.015146 0.016684 0.011106 0.012714 0.011241 0.009673 0.008240 0.006289 0.007486 0.007096 0.006500 0.005236 0.005746 0.005384 0.004858 0.003770 0.004157 0.004200 0.004687 0.004083 0.004135 0.003542 0.004127 0.003479 0.002919 0.002935 0.003655 0.002986 0.003026 0.003259 0.002700 0.003496 0.002669 0.002907 



