la=-1.000000
0.000000 0.000000 0.000000 0.000000 0.000000 0.000000 0.000000 0.000000 0.000000 0.000000 0.000000 0.000000 0.000000 0.000000 0.004909 0.005750 0.006488 0.007307 0.007944 0.008749 0.009468 0.009182 0.009995 0.010284 0.010395 0.011110 0.011171 0.011558 0.011860 0.011827 0.011967 0.012292 0.012457 0.012846 0.012797 0.013006 0.013209 0.013231 0.013452 0.013508 0.013507 0.013776 0.013743 0.013954 0.014090 0.014111 0.014301 0.014355 0.014313 0.014384 0.014518 
0.000000 0.000000 0.000000 0.000000 0.000000 0.000000 0.000000 0.000000 0.000000 0.000000 0.000000 0.000000 0.000000 0.205789 0.000000 0.000000 0.338074 0.373510 0.398694 0.427774 0.453328 0.472424 0.492067 0.509091 0.526900 0.542474 0.554657 0.567161 0.579269 0.593327 0.601720 0.612926 0.619691 0.629848 0.635921 0.643231 0.650934 0.657447 0.665082 0.668906 0.675159 0.679911 0.685652 0.690113 0.694878 0.699589 0.704870 0.707284 0.711754 0.714991 0.717888 
0.000000 0.000000 0.000000 0.000000 0.000000 0.000000 0.000000 0.000000 0.000000 0.000000 0.087345 0.128072 0.164063 0.230064 0.267760 0.307808 0.344175 0.379722 0.407478 0.435159 0.455954 0.477089 0.497477 0.511381 0.530123 0.544365 0.558888 0.570233 0.582665 0.593245 0.603456 0.612295 0.620914 0.631339 0.637279 0.644338 0.650590 0.659639 0.664943 0.669534 0.676496 0.682172 0.687074 0.691714 0.696184 0.700550 0.705326 0.709051 0.712208 0.714975 0.719589 



la=0.000000
0.000000 0.000000 0.000000 0.000000 0.000000 0.000000 0.000000 0.000000 0.000000 0.000000 0.000000 0.000000 0.000000 0.000845 0.005007 0.006451 0.006654 0.008031 0.008065 0.008428 0.009183 0.009450 0.010135 0.010504 0.010614 0.011075 0.011467 0.011533 0.011765 0.012034 0.011961 0.012246 0.012514 0.012662 0.012845 0.013002 0.013165 0.013110 0.013424 0.013517 0.013734 0.013753 0.013839 0.013786 0.014098 0.013978 0.014151 0.014269 0.014423 0.014328 0.014479 
0.000000 0.000000 0.000000 0.000000 0.000000 0.000000 0.000000 0.000000 0.000000 0.000000 0.000000 0.088017 0.139136 0.211027 0.257640 0.296429 0.330339 0.371063 0.400595 0.429333 0.452517 0.470199 0.491554 0.507296 0.527763 0.539656 0.554841 0.568537 0.579664 0.589780 0.598100 0.610210 0.619554 0.627917 0.634745 0.642901 0.649685 0.655481 0.663372 0.669309 0.675698 0.679552 0.685853 0.688522 0.694004 0.699043 0.702905 0.707819 0.712007 0.714242 0.716370 
0.000000 0.000000 0.000000 0.000000 0.000000 0.000000 0.000000 0.000000 0.000000 0.000000 0.000000 0.083513 0.144959 0.211526 0.259098 0.306338 0.339984 0.376297 0.399140 0.426576 0.453020 0.471885 0.495811 0.510952 0.527763 0.540567 0.556339 0.567647 0.579961 0.592333 0.601421 0.611008 0.621696 0.628512 0.636774 0.644277 0.649997 0.656569 0.665189 0.669943 0.675907 0.681426 0.686158 0.691041 0.695794 0.699406 0.703703 0.707559 0.710832 0.715643 0.718016 



la=1.000000
0.000000 0.000000 0.000000 0.000000 0.000000 0.000000 0.000000 0.000000 0.000000 0.000000 0.000000 0.000000 0.003459 0.003877 0.005787 0.005331 0.006474 0.007264 0.008001 0.009045 0.009266 0.009340 0.010255 0.010282 0.010637 0.010892 0.011412 0.011439 0.011816 0.011680 0.012171 0.012543 0.012445 0.012691 0.013086 0.013144 0.013106 0.013368 0.013331 0.013620 0.013652 0.013646 0.013805 0.013958 0.013964 0.014068 0.014086 0.014214 0.014302 0.014504 0.014340 
0.000000 0.000000 0.000000 0.001763 0.003082 0.004207 0.008328 0.013038 0.022294 0.040541 0.064404 0.119034 0.163441 0.222008 0.266135 0.305354 0.334003 0.373442 0.393841 0.426492 0.451741 0.475581 0.495385 0.506524 0.528402 0.538695 0.553499 0.565716 0.578718 0.589898 0.598871 0.610994 0.619028 0.628081 0.634550 0.643531 0.649174 0.655639 0.661267 0.670064 0.674191 0.679682 0.684147 0.689487 0.694703 0.697779 0.703124 0.707305 0.711199 0.714582 0.717418 
0.000000 0.000000 0.000001 0.003677 0.005281 0.008692 0.013350 0.017828 0.030206 0.048946 0.085147 0.132170 0.184819 0.232922 0.270296 0.312067 0.345251 0.380964 0.404999 0.435205 0.459265 0.476408 0.497097 0.511919 0.531296 0.542299 0.557567 0.567393 0.581912 0.593017 0.604322 0.613708 0.621676 0.629726 0.636497 0.645122 0.650674 0.658361 0.664957 0.670497 0.676295 0.680678 0.685385 0.690276 0.694802 0.699539 0.703144 0.708592 0.711204 0.716036 0.719330 



