la=-1.000000
0.000000 0.000000 0.000000 0.000000 0.000000 0.000000 0.000000 0.000000 0.000000 0.000000 0.000000 0.000000 0.000000 0.000000 0.000000 0.000000 0.000000 0.000000 0.000000 0.000000 0.000000 0.000000 0.000000 0.000000 0.000000 0.000000 0.000000 0.000000 0.000000 0.136710 0.062229 0.035821 0.030440 0.000000 0.034431 0.020942 0.026959 0.019485 0.018794 0.010638 0.012002 0.015266 0.000000 0.013843 0.012913 0.018497 0.010871 0.017323 0.011566 0.010089 0.010060 
0.000000 0.000000 0.000000 0.000000 0.000000 0.000000 0.000000 0.000000 0.000000 0.000000 0.000000 0.000000 0.000000 0.000000 0.000000 0.000000 0.000000 0.000000 0.000000 0.000000 0.000000 0.000000 0.000000 0.000000 0.000000 0.000000 0.000000 0.000000 0.000000 0.000000 0.000000 0.000000 0.028447 0.049088 0.016199 0.027800 0.000000 0.016891 0.024248 0.000000 0.013052 0.016582 0.014025 0.010303 0.016470 0.015898 0.011951 0.012888 0.008650 0.012777 0.008908 
0.000000 0.000000 0.000000 0.000000 0.000000 0.000000 0.000000 0.000000 0.000000 0.000000 0.000000 0.000000 0.000000 0.000000 0.000000 0.000000 0.000000 0.000000 0.000000 0.000000 0.000000 0.000000 0.000000 0.000000 0.000000 0.000000 0.000000 0.000000 0.000000 0.000000 0.000000 0.052838 0.000000 0.018324 0.000000 0.000000 0.018026 0.023884 0.012507 0.000000 0.019637 0.011422 0.011933 0.011499 0.010407 0.010534 0.012750 0.008783 0.009465 0.011546 0.009424 
0.000000 0.000000 0.000000 0.000000 0.000000 0.000000 0.000000 0.000000 0.000000 0.000000 0.000000 0.000000 0.000000 0.000000 0.000000 0.000000 0.000000 0.000000 0.000000 0.000000 0.000000 0.000000 0.000000 0.000000 0.000000 0.000000 0.000000 0.000000 0.000000 0.032872 0.018710 0.023922 0.015816 0.000000 0.022698 0.031351 0.000000 0.019583 0.016474 0.015707 0.016279 0.014626 0.010526 0.017956 0.016468 0.011521 0.008464 0.011269 0.009032 0.011380 0.009105 
0.000000 0.000000 0.000000 0.000000 0.000000 0.000000 0.000000 0.000000 0.000000 0.000000 0.000000 0.000000 0.000000 0.000000 0.000000 0.000000 0.000000 0.000000 0.000000 0.000000 0.000000 0.000000 1.450302 1.445442 0.391796 0.000000 0.050163 0.065188 0.044418 0.030950 0.021474 0.023736 0.029257 0.028293 0.018095 0.015914 0.015154 0.014020 0.010545 0.013741 0.016667 0.012522 0.015733 0.014413 0.011470 0.013945 0.010069 0.009295 0.009416 0.010800 0.008762 



la=0.000000
0.000000 0.000000 0.000000 0.000000 0.000000 0.000000 0.000000 0.000000 0.000000 0.000000 0.000000 0.000000 0.000000 0.000000 0.000000 0.000000 0.000000 0.000000 0.000000 0.000000 0.000000 0.000000 0.000000 0.000000 0.000000 0.000000 0.000000 0.000000 0.000000 0.061065 0.067357 0.039471 0.035895 0.020589 0.027080 0.020815 0.000000 0.024236 0.022742 0.018920 0.011609 0.011738 0.011101 0.014156 0.017453 0.013965 0.014218 0.013007 0.011018 0.011188 0.008939 
0.000000 0.000000 0.000000 0.000000 0.000000 0.000000 0.000000 0.000000 0.000000 0.000000 0.000000 0.000000 0.000000 0.000000 0.000000 0.000000 0.000000 0.000000 0.000000 0.000000 0.000000 0.000000 0.000000 0.000000 0.000000 0.000000 0.000000 0.000000 0.000000 0.031532 0.000000 0.044343 0.030971 0.021751 0.030393 0.020387 0.019149 0.025599 0.014982 0.014069 0.020236 0.011771 0.012704 0.010232 0.010022 0.009385 0.010384 0.009529 0.013591 0.010674 0.011255 
0.000000 0.000000 0.000000 0.000000 0.000000 0.000000 0.000000 0.000000 0.000000 0.000000 0.000000 0.000000 0.000000 0.000000 0.000000 0.000000 0.000000 0.000000 0.000000 0.000000 0.000000 0.000000 0.000000 0.000000 0.000000 0.000000 0.000000 0.000000 0.041298 0.025355 0.042615 0.020854 0.033363 0.018654 0.036028 0.016127 0.018604 0.018919 0.019369 0.016430 0.013073 0.012311 0.014038 0.013424 0.011440 0.011757 0.011802 0.014198 0.011764 0.009685 0.011603 
0.000000 0.000000 0.000000 0.000000 0.000000 0.000000 0.000000 0.000000 0.000000 0.000000 0.000000 0.000000 0.000000 0.000000 0.000000 0.000000 0.000000 0.000000 0.000000 0.000000 0.000000 0.000000 0.000000 0.000000 0.000000 0.000000 0.000000 0.000000 0.044350 0.064396 0.024221 0.071809 0.043634 0.025589 0.015490 0.019206 0.026460 0.024313 0.015292 0.014582 0.016887 0.016759 0.014516 0.011236 0.015284 0.010587 0.009756 0.010446 0.011340 0.010786 0.008191 
0.000000 0.000000 0.000000 0.000000 0.000000 0.000000 0.000000 0.000000 0.000000 0.000000 0.000000 0.000000 0.000000 0.000000 0.000000 0.000000 0.000000 0.000000 0.000000 0.000000 0.000000 0.000000 0.000000 0.000000 0.000000 0.000000 0.081952 0.039958 0.056367 0.043096 0.040617 0.000000 0.025673 0.024927 0.014654 0.027718 0.016913 0.028426 0.020205 0.018196 0.025568 0.011982 0.015270 0.015993 0.009969 0.011996 0.011366 0.013251 0.008216 0.010564 0.010707 



la=1.000000
0.000000 0.000000 0.000000 0.000000 0.000000 0.000000 0.000000 0.000000 0.000000 0.000000 0.000000 0.000000 0.000000 0.000000 0.043241 0.000000 0.031071 0.029228 0.061140 0.040560 0.040510 0.078378 0.101946 0.028689 0.050282 0.059872 0.063192 0.042728 0.046729 0.054040 0.020270 0.033701 0.028629 0.048505 0.026824 0.019826 0.018037 0.018286 0.025684 0.013583 0.013563 0.012980 0.015798 0.012561 0.013192 0.010931 0.010047 0.009315 0.011459 0.014901 0.008548 
0.000000 0.000000 0.000000 0.000000 0.000000 0.000000 0.000000 0.000000 0.000000 0.000000 0.000000 0.022641 0.023454 0.018550 0.028547 0.022210 0.027968 0.042773 0.041389 0.030675 0.030978 0.062840 0.050538 0.055083 0.037258 0.030191 0.034659 0.035170 0.054963 0.030748 0.030614 0.020697 0.032777 0.023634 0.024916 0.027676 0.025987 0.018314 0.021130 0.022106 0.018568 0.009229 0.014981 0.012739 0.011421 0.008914 0.009561 0.009718 0.011878 0.009808 0.011186 
0.000000 0.000000 0.000000 0.000000 0.000000 0.000000 0.000000 0.014746 0.014415 0.020952 0.020618 0.016203 0.022501 0.022214 0.024112 0.020805 0.028500 0.032057 0.026663 0.053397 0.060683 0.063192 0.068961 0.037929 0.056652 0.039341 0.037134 0.048117 0.040551 0.041145 0.026396 0.027259 0.029764 0.023124 0.021114 0.021447 0.022136 0.020422 0.017504 0.012216 0.017375 0.013291 0.012915 0.014353 0.011357 0.009774 0.017546 0.010306 0.011590 0.009740 0.009555 
0.000000 0.000000 0.000000 0.000000 0.000000 0.000000 0.014518 0.015633 0.010839 0.022663 0.017531 0.020349 0.018483 0.027618 0.020151 0.018832 0.022232 0.028594 0.049750 0.038930 0.035154 0.043282 0.084636 0.034561 0.048474 0.038808 0.055753 0.043834 0.032092 0.024320 0.027063 0.015270 0.022584 0.012358 0.012425 0.015485 0.015590 0.013983 0.017511 0.015865 0.019388 0.014250 0.014049 0.008896 0.009570 0.010704 0.009941 0.011861 0.010252 0.009890 0.009843 
0.000000 0.000000 0.000000 0.000000 0.000000 0.013954 0.086325 0.011219 0.022946 0.014188 0.016547 0.014197 0.023682 0.015905 0.029838 0.024020 0.031720 0.037768 0.027639 0.073303 0.040891 0.042840 0.051343 0.030920 0.028765 0.050803 0.024941 0.037137 0.025984 0.034265 0.037114 0.030034 0.027835 0.023256 0.027460 0.024724 0.015629 0.022172 0.014604 0.014460 0.013996 0.015075 0.015073 0.014925 0.012115 0.012544 0.013511 0.009149 0.010527 0.009733 0.008304 



