la=-2.000000
0.042463 0.038045 0.038663 0.049183 0.040485 0.037403 0.038883 0.038904 0.035569 0.037195 1844.660189 159.153884 30.591873 132.730528 99.081685 117.553259 186.392308 99.274504 105.507980 67.581352 111.278146 65.257388 482.526609 8609.659908 59.219790 314.012933 273.489466 739.476463 50.682851 1580.764343 616.113949 218.403801 48.065833 119.784211 519.423328 209.574421 300.987693 200.856558 341.676883 140.192881 156.541769 90.213344 155.363217 96.851854 110.194219 108.598119 296.561268 88.843589 408.730394 82.222120 103.865360 
10.695457 0.021347 0.241921 0.065346 0.059235 658523.137289 283973.240057 1670054.665867 12570.456539 131328.280807 3399.652221 7563.467854 1497.169256 1445.711762 640.485834 970.298417 695.477541 509.923952 368.559045 271.726793 494.903988 434.200884 257.838265 257.409186 206.013537 237.918315 174.962553 226.781297 209.628354 221.029004 297.588061 113.699297 145.664257 165.684305 184.673525 278.699701 109.068003 157.060927 114.432428 112.692732 108.545087 100.990686 109.870728 124.440947 106.643231 96.485262 109.397245 92.467363 101.090168 100.752663 87.359437 
19.808209 0.036486 0.047996 0.055255 388579.388105 1808385.439414 646534.146250 76543.715690 54984.711628 7438.476352 3546.201024 1271.768294 1586.390547 708.565925 615.837009 754.998120 342.560813 368.795733 309.500716 286.303086 287.253561 284.983860 244.257592 217.879510 158.681279 156.104552 208.748911 171.428482 218.311719 140.586207 145.117007 119.204856 159.070961 115.631651 124.316093 119.587562 118.290786 111.594734 115.498955 157.057454 94.949513 85.544047 87.316725 96.895068 95.694299 104.670170 130.499040 95.919978 95.674372 88.678024 74.779171 
20.359236 0.063610 0.046944 21724.249726 214190.418274 328487.217549 205327.253859 56117.233399 25294.817235 16256.178040 4957.449808 1427.945343 1186.783475 944.640550 542.707097 490.806952 402.352261 362.860809 347.332820 248.742605 283.200875 257.272906 206.450729 205.813189 189.169950 156.083355 172.752157 166.243521 121.283163 145.504221 156.229893 173.187727 128.724221 124.616438 125.259914 108.032033 120.363163 101.135102 108.262651 110.140575 129.335610 81.593969 117.993572 90.434183 111.377896 110.325636 89.388195 90.245659 105.586693 88.380333 82.566151 
20.565490 0.024847 0.059361 1749515.713112 462621.922696 245916.092454 234926.664340 542544.454809 45632.118664 13251.212989 2977.441035 2804.197583 1292.055174 1000.877743 587.252273 603.868496 419.517705 333.114006 338.896063 296.057887 194.116845 192.994089 223.100462 235.891901 186.981790 185.084048 138.492022 147.964393 139.461978 145.908545 159.217497 127.354691 107.661674 141.683784 137.901951 103.024519 125.900459 93.631565 94.685169 88.156527 107.821679 92.739234 105.966881 93.710949 93.927140 77.385428 103.311360 120.477888 74.848448 73.856190 85.912366 
20.950786 0.057632 0.067024 59858.172087 411662.709367 454332.344393 1604291.367593 60867.874384 16215.456360 6038.403276 3350.754458 1988.355471 1149.633654 651.846925 498.535148 516.065052 358.023731 307.358512 332.801742 241.057025 198.853606 218.492156 211.263195 183.985671 140.361552 165.584066 199.079199 174.508478 161.136312 138.055425 139.392834 148.647878 135.262989 137.005174 103.192874 105.391886 117.787628 89.798776 103.536418 108.282844 81.992144 98.904895 86.049843 96.878832 87.623539 95.134700 77.861284 82.690904 82.942263 98.869991 87.039324 
20.907661 0.031992 1716851.102275 1842910.783026 1952777.025539 741893.587836 348840.876135 56725.060952 12777.427749 4195.473171 2179.372774 1794.355148 1003.136378 753.698346 475.854836 438.785477 327.988057 373.365968 442.460061 311.411422 206.653443 244.976253 214.546578 166.191357 196.823656 182.019358 135.971199 129.353085 130.740825 137.737382 150.233215 130.855991 108.854551 117.233166 107.961702 113.652093 112.931373 96.498245 130.730739 109.776257 91.120080 81.432092 88.853132 91.043386 90.809526 91.898937 82.914660 71.491194 77.546872 89.881061 74.446713 
20.994582 0.064162 232678.368790 171489.684765 194037.259864 318115.281854 184926.937673 65192.009973 4937.868038 3455.827249 2215.344459 1525.485718 787.723673 788.340767 690.493554 584.860840 417.079733 402.320285 278.939113 303.730080 192.617401 207.463204 176.960367 161.432308 151.375860 155.880148 147.221063 142.238153 136.447540 121.226428 120.487647 111.055658 119.007368 109.246422 103.735363 132.076214 107.070103 103.236722 117.004200 87.250751 100.997099 93.421026 95.601978 73.599189 81.999886 93.712202 88.389715 81.533584 80.762147 74.676070 76.932514 
21.101485 0.072104 511649.945952 227249.013541 1986793.244136 33670.099646 15299.129511 12113.623024 4221.908969 3717.913270 1174.438982 792.970666 1198.139670 686.993494 440.388355 255.655953 315.170764 345.906208 267.094261 236.650773 222.893920 231.579656 182.845217 173.631076 192.988476 160.690930 144.406012 137.030152 158.822159 158.017582 116.706295 134.969224 124.488920 115.963451 101.216650 125.847821 111.282838 97.325791 84.824448 82.118999 93.985149 99.313191 87.367451 101.190849 99.834943 97.010686 92.599403 82.274102 81.411406 82.421313 73.782218 
21.288912 228902.062284 1844842.282568 1641617.348514 229847.321559 25687.570450 29820.469894 15358.918204 1072.248053 1684.385774 1039.207339 767.922140 781.136055 643.435764 343.785945 342.855059 322.723393 233.641963 312.863929 242.345236 212.108828 148.198428 204.366406 142.608802 178.468985 162.891794 177.424646 134.253399 145.954685 132.520192 103.198995 108.801144 115.585694 112.954432 118.811087 134.046237 124.483144 128.720062 102.934884 91.350028 98.947561 96.091324 79.566254 112.440412 158.601360 92.740511 78.329690 80.049302 71.437667 84.249893 75.159137 
21.226422 85370.601470 197244.964678 649776.776372 8833.094470 4651.348090 1195.823705 1765.414907 1418.452391 1090.093037 769.779366 454.095362 481.184723 456.915881 316.686272 319.953414 343.616413 258.334775 207.939399 255.252150 170.903568 199.287748 187.076097 172.735080 158.750586 161.747254 164.175668 125.878547 150.812989 117.364160 114.307169 140.788542 103.116834 124.573390 90.469363 122.342210 129.381239 106.020621 100.358511 81.851862 112.193386 92.445057 99.773814 86.016037 75.164667 79.565653 79.800290 74.971742 115.713123 83.628967 84.468999 
21.364672 0.060628 900506.053654 2010050.039995 1387.071440 56414.869452 2451.452225 898.636047 1619.604933 1086.202522 407.146549 629.486328 572.204829 392.383518 375.438106 259.325847 297.434099 265.723452 318.092159 252.869478 168.328309 194.493454 140.879251 159.505043 160.950440 146.520241 170.007596 123.387339 134.016971 165.644101 115.984888 139.663662 123.947484 122.896232 111.239137 134.062320 102.757982 94.777806 82.680909 106.977391 89.537612 97.647508 104.649725 85.295912 88.009412 106.597169 84.954222 83.817494 86.512320 83.107844 87.198743 



la=0.000000
21.418987 0.037310 0.038246 0.030834 0.039081 0.039106 0.024476 0.047195 0.082296 39.731018 42.339537 60.056269 194.748052 240.305236 236.326835 281.744633 278.475532 305.847107 303.036352 339.359591 298.339282 335.875138 351.970592 332.387485 331.641004 346.501234 327.268775 326.006201 323.926564 352.925273 340.670928 338.927110 339.415810 337.551225 335.829728 334.871180 334.566426 358.045543 344.319935 343.281006 356.482165 342.563067 341.516067 340.933048 353.928464 353.232140 339.416186 328.808518 353.727443 351.412603 350.966135 
10.786695 0.046213 0.031155 0.047758 0.045243 159.694955 347.046965 554.056886 568.447127 652.206992 648.804969 663.540940 644.266565 673.405263 657.558859 665.762630 627.279370 671.955199 634.080808 630.665279 628.833311 647.753158 624.265192 621.833502 634.115088 618.469308 652.021665 637.928438 636.627289 635.212550 647.730735 633.099927 623.349407 630.659712 629.601500 628.256706 628.056275 627.065396 626.158848 625.880154 625.227117 638.147905 623.361932 636.057440 636.092848 621.741990 635.257208 620.811201 633.204063 619.791841 633.441748 
19.056900 0.042964 0.092829 0.063789 243.503850 185.645980 418.896868 491.389116 627.944716 642.579913 658.362752 651.548596 665.950860 684.679817 667.393718 676.737162 672.665500 669.557009 652.714764 627.997782 660.914181 645.477666 643.219641 640.582359 652.333569 637.136335 649.268408 633.959361 646.236512 645.029003 630.281287 643.292490 628.466190 627.698351 639.668278 639.013290 624.295164 637.205752 622.673994 636.038023 620.997357 634.581508 633.693356 619.644561 632.758185 632.905694 632.016589 631.590627 630.938712 630.615665 630.000312 
19.731766 0.036221 0.060095 79.410102 0.069395 363.809359 380.905676 555.398201 672.139502 666.076909 648.015265 686.486619 672.483560 672.904151 680.447313 662.957372 671.799543 668.306169 643.915347 661.542233 659.377772 657.276070 654.579537 639.587410 650.662525 649.169114 647.044378 646.103025 644.889425 643.528918 641.854410 627.894675 640.343229 625.498195 638.544073 637.558825 636.506294 635.339142 635.216525 634.186101 633.674333 632.520353 632.310052 631.633930 631.178984 630.849164 630.545607 630.197150 629.187362 629.216262 628.366176 
20.424864 0.049014 0.057187 157.345960 222.087761 348.575477 458.789685 615.755196 598.929218 658.402737 662.464474 687.351389 658.288475 673.749142 680.597741 676.856326 658.191573 668.031039 650.537445 661.573360 659.079349 655.878493 641.059835 652.294973 649.674400 648.356715 646.702454 644.650286 643.644452 628.629640 641.088591 626.171708 639.430038 637.885159 637.886146 636.735395 635.394029 634.617082 633.969837 633.379325 632.578837 631.884039 631.648005 631.162986 630.582283 629.834231 629.856595 628.922798 628.769601 614.617943 627.827399 
20.663511 0.043007 0.079316 130.753160 292.779611 292.194246 524.492809 587.317559 600.105063 669.547472 696.754845 688.383384 660.903832 689.103424 668.179949 662.053674 672.551599 656.369833 664.807389 661.477916 658.570774 655.842003 653.439437 651.662543 649.545001 634.825879 632.633038 644.881022 643.270662 642.265492 640.177051 639.510100 638.870383 637.726937 636.598434 635.580931 634.984379 634.294548 633.611042 632.648772 632.575889 631.549163 630.919744 630.283923 629.748737 629.527515 628.637075 628.302492 627.943092 627.540798 627.192449 
20.608854 0.057524 42.749349 192.249740 299.286710 326.417241 494.533258 575.787003 619.160698 659.569523 690.401601 691.115580 683.599256 675.759168 682.641287 663.918688 673.603637 668.268470 664.374570 661.329868 658.538268 655.976439 653.354398 638.049428 648.821766 647.362389 632.212933 630.884126 629.224428 641.439959 626.950895 639.413832 637.951604 637.182958 636.617676 635.663515 634.745221 634.032052 633.063563 632.536573 631.750684 631.224802 630.452208 630.151032 629.438790 628.866046 614.889470 628.065374 627.840924 613.518777 626.852444 
20.806681 0.072511 214.702338 271.515440 320.910224 265.379717 493.075551 531.341622 631.339983 681.032266 678.044784 691.474212 697.127190 689.148357 683.992600 677.480753 672.966700 668.312241 664.389815 660.772461 658.441463 655.889278 652.976415 651.648372 648.931366 647.247460 645.510959 644.800894 642.335723 641.303786 627.000928 639.373934 637.906355 636.843385 636.403076 634.959215 634.359031 633.857134 633.037792 632.115656 631.563165 631.055611 630.204441 629.758627 629.178925 628.742381 628.116581 627.947971 627.412045 626.819783 626.482857 
20.636167 0.123366 185.871025 321.401768 308.185147 468.799821 467.893463 575.545666 652.986556 680.165101 666.360937 692.775098 698.320998 677.394249 671.310656 678.487935 659.604415 668.280662 664.130248 661.531851 657.565274 655.491373 639.679500 651.238652 648.738998 647.548546 646.129040 643.573065 642.493257 627.730315 639.930424 638.890350 637.514848 636.951308 635.745273 635.520480 634.092365 633.301224 632.460384 631.733163 631.428202 630.908675 630.132461 629.329048 628.994062 628.556136 627.943655 627.843919 626.915029 626.554353 626.331614 
20.926811 0.068271 161.960890 327.152399 308.188735 468.507553 518.375159 540.171489 621.830062 680.550266 711.689476 670.017287 682.390355 677.705133 684.204832 663.998055 672.445736 669.164775 664.481145 661.208449 658.063085 641.659617 652.929470 650.953318 635.572536 633.526386 644.975799 643.664420 628.738023 641.025678 639.837938 638.417295 637.393880 636.414825 635.767643 634.342107 633.628382 632.981794 632.542198 632.185256 630.789879 630.099668 630.036825 629.584891 615.322705 628.377688 627.529133 613.578589 626.728978 626.261441 626.202048 
20.702208 0.080756 309.061442 242.605115 348.425659 399.463199 531.985210 644.661729 652.774519 650.232797 686.899341 683.816892 696.941591 688.668138 669.542687 676.697019 672.063910 667.573587 663.964196 660.239254 657.418139 641.376872 652.707388 650.171841 648.162858 646.452990 644.394378 629.616447 641.504449 627.384691 639.774682 624.596978 637.538385 636.265802 635.639866 634.171913 633.696994 619.746641 632.089078 631.449190 630.780502 629.990602 629.489305 629.680730 628.706326 628.205704 627.789328 627.297373 626.941337 626.405845 626.162544 
20.809306 71.752265 168.552979 293.755999 417.157313 362.931644 483.110108 587.293665 644.508901 650.312729 676.856566 691.022268 681.496227 688.391440 682.434877 677.844819 671.308051 667.821615 663.184927 659.795261 657.547323 641.337359 652.626085 650.161132 647.383781 646.344033 644.737700 643.377758 628.054555 641.017392 639.426119 638.307442 637.203095 636.325445 635.657165 634.370613 633.389859 632.711034 632.087436 631.244973 630.578115 630.660312 616.051677 629.367205 628.549699 628.202739 627.378227 627.480371 626.859974 626.501720 626.006763 



la=2.000000
20.923960 0.025444 0.039234 0.035236 0.042921 0.051063 0.057624 0.024531 0.032377 375.879418 744.155842 4100.875642 4491.861017 9727.789859 11588.127470 12973.975482 15906.021040 15966.106403 16581.501680 16069.632097 18248.534124 21278.927596 23889.015139 18736.927391 25677.230760 25334.083506 23733.350508 24588.405851 27415.515316 26879.106012 27517.416998 26202.211724 31603.296180 30057.485376 29233.855158 31880.790607 29497.908019 30599.767374 33791.430192 30862.284075 33095.625400 34348.085799 33285.259689 35229.701021 35394.429457 34069.693376 38138.994209 32976.375809 34701.656541 37366.869195 36451.793582 
10.490895 0.047936 0.042418 0.055626 0.088776 14.719243 230.775113 1241.918033 2680.402259 4847.225789 7427.345137 7769.572065 9632.317707 12199.297885 14818.076704 17920.823891 19524.054551 19531.411457 24368.622663 24551.459246 25904.542252 28774.584068 29744.114884 29930.948385 32488.942148 33988.315335 35187.310159 32072.097060 33887.133441 37352.042138 39544.569361 39518.548108 40223.392845 40613.040470 41691.651134 42172.207003 43082.799625 43721.291731 42503.765557 42839.751715 46690.409683 45032.860989 47015.659264 47360.454921 48659.456046 48774.482780 48842.917696 49425.038783 47343.868086 46599.861121 52123.520336 
19.136340 0.079450 0.056527 0.125460 1.351036 14.786962 908.119758 1167.614943 2565.486056 5547.220758 7223.290016 10674.314639 10251.197366 13343.851420 16346.656855 18008.609912 22557.107925 22735.269523 23192.702415 23819.504485 26537.021700 27573.307164 31387.099032 32126.880600 31923.307597 35217.058054 36597.973685 37303.059070 36772.724292 37958.194531 36416.569372 40934.730389 37981.884493 43079.376103 43880.561511 42233.910641 43510.930508 43628.205273 44299.191703 46616.615512 47947.131830 46309.474157 47839.496844 47784.369464 46302.347960 49178.970549 51595.097133 50348.840022 49615.295515 47476.153691 49746.236158 
19.764816 0.044639 0.048204 1.767435 30.117560 30.131852 643.009659 644.596669 1754.724334 4475.185347 6725.661509 8213.468137 12235.528680 12859.901868 13909.286417 17365.108749 18823.168032 21963.311319 23646.562200 26122.473670 27036.909929 29917.181262 30222.934214 31234.849014 32688.611048 37047.848166 36041.960786 37669.435799 38682.241648 38189.353288 38134.164209 39495.935536 41859.643639 40124.761726 43879.337212 45284.681892 42435.053357 44459.310697 42601.162674 46219.260005 44863.342186 47804.453514 46995.372658 46358.227303 47474.165578 46761.645636 48975.128506 50854.728723 51788.527921 50179.807987 50300.294034 
20.214127 0.060551 0.082292 0.461237 3.641636 281.869487 513.732937 970.952716 2990.630029 4018.455535 6368.363451 8409.280500 9370.092958 13059.890405 14420.979729 20388.134154 22091.735646 20097.655775 24135.541430 23956.957757 25680.270717 28883.740623 29855.949951 32825.560352 34807.424453 33891.802384 34597.824521 37914.944495 40310.977866 38329.272145 40248.356430 42131.926201 42398.919691 39872.204462 40508.894929 43684.611761 46836.152730 43151.977284 45249.331835 47298.731174 49084.267323 50151.070777 47189.181797 48126.592532 51957.089566 47835.747705 49431.455462 48645.647032 50347.891551 48246.906838 49107.167772 
20.112515 0.054752 1.172162 1.463440 29.714876 121.780455 437.540254 1909.147378 1696.251204 3477.761608 5322.437985 7897.613967 9475.492664 11829.525962 14216.758341 17541.419325 17348.449195 21374.021487 23451.313085 25734.656558 24710.257383 26736.834809 29992.745455 32755.541430 31292.776767 33959.615896 33572.078682 36706.144662 37563.635745 36862.662398 40164.204103 39784.303737 39691.846715 43438.204234 42883.128707 44662.952156 42107.755004 45352.171602 45998.674202 45113.342923 48846.981273 46408.458193 48071.231299 51980.139616 48361.207220 49064.570728 48979.914990 48846.490080 50291.925964 52912.761860 52765.531154 
20.721119 0.039932 0.412411 13.257314 70.967825 369.976681 314.852504 732.376862 1480.245213 3310.307320 5005.738880 6753.688016 8693.821011 10307.959688 14656.193295 15738.561180 19400.373374 21334.389475 24762.210546 24693.555299 24755.190733 29870.203524 28930.783924 31441.587065 30856.724460 34891.514636 32075.901596 37241.115150 36761.690386 38084.337339 36877.097621 40790.031787 41153.309005 43487.821546 40408.205033 42808.101542 45513.857425 43757.665102 45090.584895 45484.116987 50046.870173 49399.229996 47344.134826 49037.006228 46856.111777 50207.758256 49707.196684 49480.225134 50087.496941 53687.300234 50566.778560 
20.668894 0.076947 0.283751 26.939579 153.442430 239.138235 835.137696 935.760635 1830.594447 3453.483972 4336.295601 6967.676976 8946.255045 11065.886109 14121.932538 16216.141074 19517.447541 20589.049113 22525.980347 25138.475922 28263.135047 26896.948510 30222.179266 27953.154452 30885.927232 32249.172629 34436.547744 34251.143081 35925.905019 35372.522615 36225.986779 41953.707137 37938.141910 42774.565494 43079.148433 45024.309389 44386.577686 44647.916572 45013.846679 45701.890311 46077.387930 47574.500897 49042.144976 47810.426342 51855.770294 50665.947219 50180.840030 50337.852088 50621.614913 51220.895145 50510.081758 
20.713449 0.118221 9.909668 25.926394 544.783399 230.015524 448.875516 1445.414854 2515.264489 4374.528500 6026.366993 8589.370221 8929.371879 9902.834568 13152.292928 14634.652094 16480.365112 20492.270403 25037.236535 25042.485406 25921.800874 26547.149577 31702.567717 32933.133859 30470.272522 35935.772259 32756.520363 38291.118963 35862.868034 38658.553609 38917.447417 41888.709670 42949.617087 41782.851546 41986.533254 42958.879526 43310.558750 45258.994791 47097.239297 42979.073645 47267.145528 48164.821492 48122.645907 49076.515547 48867.512727 48793.127770 53346.906504 51157.569815 53484.144534 52650.501697 51892.200674 
20.948027 0.071789 41.326857 25.389645 198.277673 277.017519 403.789912 1895.829523 3108.366501 3076.862958 6985.900612 7380.240948 7657.445365 10492.774121 12860.413853 17440.467375 14627.904926 18543.011553 20413.213263 23665.550408 28357.573028 30498.949329 30430.691742 31624.987561 30056.064043 34422.062261 36714.789838 32889.419811 38166.628829 38930.570071 39215.716253 41105.293636 42209.063640 43084.288945 41695.144835 41377.188289 44916.041844 44515.565301 44457.950997 47678.984086 46670.671046 45868.781469 50280.639902 48823.236084 49393.110509 50057.705298 50190.814799 51723.299233 52552.254201 52497.312472 56175.415598 
20.667926 0.081684 9.075461 103.806237 224.188831 1246.233329 2741.642233 1960.524624 3305.175209 5863.620798 6600.609908 9992.001512 9600.725725 12461.876861 13991.147574 15190.840675 19762.318846 22213.080431 21575.431008 22720.547834 26690.105850 25125.801345 30896.981779 32968.918774 30965.905262 33387.420193 37525.020494 35249.387138 38859.654193 37883.499039 39879.427405 41224.738903 41753.102887 42437.754169 43601.538141 44805.355813 44181.840420 44776.498168 46489.922547 47226.124169 46067.375583 48722.425707 46531.133884 51104.014291 48477.122379 51249.901193 49693.462173 50925.508326 51322.874663 52601.412054 52001.961940 
20.906896 0.159603 29.048233 41.955471 128.450448 636.193943 1580.192135 644.502985 2440.477790 3003.322016 6064.737803 8512.467777 8024.596126 11328.083335 12820.796910 16256.779238 18225.900040 20067.936726 23247.938448 25002.574809 25969.415507 28128.336575 26328.485503 29068.406154 31857.243402 34139.048469 34311.102306 37270.287303 39296.615023 36757.369224 37047.457932 41914.740567 41982.723006 40752.143389 40858.490089 44289.853404 44741.679566 44924.386606 44418.430842 47593.322461 49199.775108 48256.731154 46632.748908 49719.137597 51377.432158 50324.724552 49876.867951 50757.104543 50502.613903 50031.102131 49392.444584 



