la=-1.000000
0.009146 0.443886 0.445891 0.445041 0.445803 0.447164 0.448163 0.448808 0.448382 0.448686 0.451041 0.452569 0.451051 0.451622 0.450815 0.454435 0.450671 0.452581 0.451197 0.454084 0.453295 0.451573 0.453623 0.453217 0.455476 0.454480 0.454415 0.455615 0.456598 0.453811 0.457506 0.454204 0.455123 0.456162 0.456738 0.452420 0.456112 0.453483 0.458088 0.460471 0.457999 0.459014 0.458046 0.459021 0.457397 0.461683 0.459886 0.462701 0.460109 0.459953 0.462376 
0.012085 0.597136 0.596186 0.597700 0.599337 0.598898 0.598782 0.597875 0.598213 0.598517 0.598154 0.601073 0.599135 0.601247 0.600090 0.600470 0.600621 0.600153 0.600093 0.598977 0.599634 0.601967 0.601960 0.600476 0.604101 0.601533 0.600730 0.600937 0.602502 0.603362 0.602793 0.602850 0.602259 0.600722 0.602335 0.602510 0.604662 0.604039 0.605471 0.603198 0.602585 0.603209 0.603978 0.603574 0.604133 0.605494 0.605218 0.603776 0.604234 0.603663 0.603050 
0.013650 0.673042 0.673028 0.672299 0.674562 0.672867 0.672930 0.673383 0.673455 0.675439 0.672777 0.673707 0.675577 0.676095 0.674514 0.674688 0.675201 0.675821 0.676627 0.675016 0.675009 0.675167 0.676433 0.676286 0.675899 0.675013 0.676299 0.676942 0.675859 0.675757 0.676411 0.675166 0.675440 0.677638 0.676004 0.677096 0.676018 0.675637 0.677131 0.677036 0.677934 0.676774 0.676945 0.677408 0.677257 0.677317 0.677266 0.677397 0.677148 0.678056 0.677027 



la=0.000000
0.008876 0.445499 0.444745 0.445197 0.444551 0.445423 0.444676 0.448396 0.451583 0.448760 0.451698 0.448815 0.447489 0.444342 0.450358 0.449599 0.453347 0.452695 0.451076 0.451811 0.449818 0.451601 0.452165 0.451474 0.454322 0.451332 0.451029 0.452807 0.451095 0.451594 0.451891 0.454913 0.452298 0.455811 0.452078 0.451906 0.452945 0.457394 0.455717 0.455629 0.456930 0.454459 0.454719 0.456357 0.453816 0.455043 0.456254 0.456879 0.456148 0.455194 0.456562 
0.012150 0.598624 0.596984 0.597276 0.597658 0.598544 0.599400 0.598161 0.598237 0.597304 0.598745 0.598303 0.600165 0.601165 0.600430 0.599819 0.600841 0.598988 0.599201 0.599687 0.599753 0.601826 0.599621 0.601123 0.602124 0.601587 0.600279 0.599266 0.601001 0.600892 0.602905 0.601601 0.601640 0.602289 0.599155 0.601534 0.600727 0.602049 0.602365 0.604259 0.602331 0.602795 0.602905 0.601490 0.602335 0.602457 0.604240 0.605260 0.601857 0.602349 0.602912 
0.013510 0.673337 0.673150 0.672613 0.674082 0.673039 0.673058 0.674888 0.675227 0.672644 0.671346 0.673421 0.674690 0.674762 0.674224 0.674524 0.674020 0.675017 0.674519 0.674578 0.673878 0.674772 0.674139 0.673681 0.676275 0.676071 0.676644 0.675848 0.675052 0.675496 0.674905 0.675133 0.675106 0.675636 0.675352 0.675459 0.676089 0.676066 0.676259 0.674789 0.676178 0.676074 0.677114 0.676371 0.676453 0.677014 0.677207 0.676819 0.676794 0.676302 0.676474 



la=1.000000
0.009340 0.445337 0.444157 0.446520 0.445848 0.443817 0.446052 0.446943 0.447365 0.450416 0.447487 0.449657 0.449806 0.448928 0.447760 0.449840 0.450763 0.451715 0.452479 0.451040 0.452379 0.452937 0.452983 0.454116 0.451924 0.456026 0.452400 0.454091 0.454137 0.454765 0.454742 0.454899 0.456252 0.455904 0.458834 0.456299 0.456402 0.458509 0.456923 0.461845 0.460914 0.459337 0.459423 0.458362 0.458273 0.458985 0.458662 0.461851 0.459963 0.460112 0.458880 
0.011921 0.596310 0.597103 0.597321 0.597670 0.599701 0.598036 0.597691 0.598561 0.595756 0.598508 0.598728 0.599093 0.598870 0.600102 0.598869 0.599340 0.598187 0.598538 0.600917 0.600264 0.600754 0.600781 0.600275 0.600493 0.601797 0.601179 0.601134 0.600506 0.601790 0.603698 0.602924 0.601740 0.602278 0.600556 0.602228 0.602151 0.602499 0.603470 0.602868 0.603565 0.603828 0.604356 0.603570 0.603755 0.604818 0.604436 0.604878 0.603879 0.604012 0.603388 
0.013482 0.671780 0.672711 0.673588 0.672185 0.674359 0.672691 0.674147 0.673525 0.674737 0.672947 0.673939 0.674302 0.673065 0.674578 0.673692 0.675217 0.674404 0.674628 0.674458 0.674018 0.675236 0.674748 0.675393 0.675079 0.675718 0.675096 0.676058 0.674775 0.674020 0.675187 0.676094 0.675844 0.676118 0.676112 0.675754 0.675848 0.676300 0.676180 0.676050 0.676875 0.677557 0.676277 0.676993 0.676156 0.677286 0.677490 0.676828 0.676506 0.677797 0.676415 



