la=-2.000000
0.000000 0.000000 0.000000 0.000000 0.000000 0.000000 0.000000 0.000000 0.000000 0.000000 0.000000 0.000000 0.000000 0.000000 0.005871 0.006516 0.007252 0.007870 0.008590 0.008924 0.009633 0.009892 0.010303 0.010746 0.011028 0.011212 0.011491 0.011748 0.012103 0.012255 0.012345 0.012542 0.012795 0.012834 0.012987 0.013176 0.013285 0.013482 0.013614 0.013609 0.013764 0.013881 0.013919 0.014070 0.014131 0.014215 0.014350 0.014331 0.014450 0.014523 0.014604 
0.000000 0.000000 0.000000 0.000000 0.000000 0.000000 0.000000 0.000000 0.000000 0.000000 0.000000 0.022708 0.099966 0.188007 0.241255 0.289651 0.328778 0.365776 0.396532 0.424002 0.447322 0.468731 0.490088 0.508102 0.524353 0.538867 0.553650 0.566490 0.578448 0.590034 0.599911 0.610325 0.619001 0.627474 0.635309 0.642931 0.650387 0.656824 0.663770 0.668906 0.674836 0.680647 0.685125 0.690133 0.694896 0.699367 0.703435 0.707571 0.711037 0.715045 0.719648 
0.000000 0.000000 0.000000 0.000000 0.000000 0.000000 0.000000 0.000000 0.000000 0.001364 0.009620 0.037597 0.123686 0.191309 0.244001 0.290952 0.331629 0.365527 0.397624 0.424069 0.449202 0.470159 0.490145 0.508031 0.524383 0.539576 0.554094 0.566807 0.578938 0.590308 0.600344 0.610538 0.618922 0.627568 0.636010 0.643419 0.650958 0.657269 0.664121 0.669807 0.674649 0.680555 0.685800 0.689822 0.695020 0.699583 0.703571 0.707244 0.711524 0.715805 0.719213 
0.000000 0.000000 0.000000 0.000000 0.000000 0.000000 0.000000 0.000000 0.000000 0.002211 0.012781 0.046518 0.133345 0.194238 0.248895 0.294651 0.334814 0.368272 0.396131 0.425004 0.448987 0.471330 0.490506 0.508641 0.525888 0.541887 0.555129 0.568248 0.580175 0.591374 0.601625 0.610427 0.620556 0.627655 0.636885 0.644142 0.651791 0.657277 0.663875 0.669744 0.675372 0.680788 0.685745 0.690149 0.695781 0.699930 0.703755 0.708048 0.712213 0.715855 0.719235 
0.000000 0.000000 0.000000 0.000000 0.000000 0.000000 0.000000 0.000000 0.000000 0.006560 0.016692 0.054722 0.136674 0.198294 0.251981 0.298180 0.334887 0.369492 0.399471 0.427707 0.451327 0.472290 0.491826 0.510329 0.525985 0.542031 0.555086 0.567645 0.579782 0.590782 0.601899 0.611836 0.620444 0.630152 0.637329 0.644642 0.651604 0.657732 0.664256 0.670480 0.676083 0.681789 0.686284 0.691551 0.695771 0.699868 0.704532 0.708260 0.712167 0.715647 0.719389 
0.000000 0.000000 0.000000 0.000000 0.000000 0.000000 0.000000 0.000000 0.002254 0.006649 0.016354 0.058817 0.139075 0.199380 0.253925 0.297218 0.337235 0.370750 0.400837 0.427178 0.451568 0.473070 0.492846 0.511430 0.527360 0.542074 0.556577 0.569233 0.580431 0.593305 0.602467 0.611709 0.620903 0.629367 0.637328 0.643912 0.652121 0.658699 0.664323 0.670683 0.676490 0.681651 0.686754 0.691795 0.696419 0.700282 0.704780 0.709058 0.712804 0.716279 0.719424 
0.000000 0.000000 0.000000 0.000000 0.000000 0.000000 0.000000 0.003131 0.004823 0.008396 0.016309 0.071655 0.139459 0.202600 0.254879 0.298355 0.338599 0.371603 0.403721 0.428914 0.452284 0.473835 0.493686 0.511811 0.526844 0.542810 0.556602 0.570350 0.581468 0.592600 0.602811 0.612030 0.621081 0.630070 0.637859 0.644735 0.652016 0.658829 0.664641 0.671253 0.676688 0.682037 0.686904 0.691923 0.696011 0.700574 0.705082 0.708317 0.712563 0.716675 0.719840 
0.000000 0.000000 0.000000 0.000000 0.000000 0.000000 0.000000 0.000000 0.005513 0.010226 0.021652 0.068636 0.142871 0.203107 0.255731 0.300534 0.338986 0.373761 0.402044 0.429732 0.452942 0.475398 0.493401 0.511888 0.528626 0.543430 0.557192 0.570307 0.581982 0.592608 0.602509 0.612605 0.621948 0.629913 0.638218 0.645971 0.652447 0.659069 0.665154 0.670897 0.676439 0.682401 0.687372 0.691810 0.697128 0.701240 0.705455 0.709340 0.712881 0.716239 0.719775 
0.000000 0.000000 0.000000 0.000000 0.000000 0.000000 0.001600 0.003543 0.005525 0.011163 0.020392 0.081854 0.146319 0.208537 0.257684 0.304655 0.339599 0.374804 0.405479 0.429387 0.454440 0.476247 0.493958 0.513329 0.528722 0.544714 0.558135 0.570785 0.581965 0.593353 0.603401 0.613270 0.621451 0.630477 0.638560 0.645160 0.651073 0.659620 0.665215 0.671709 0.676500 0.682323 0.687307 0.693058 0.696808 0.701414 0.705273 0.709328 0.713181 0.716474 0.719748 
0.000000 0.000000 0.000000 0.000000 0.000000 0.001100 0.002781 0.004255 0.006015 0.010390 0.022332 0.081741 0.145768 0.210681 0.259393 0.304862 0.341224 0.375033 0.404062 0.430535 0.454396 0.476461 0.495771 0.513242 0.529366 0.543660 0.558319 0.571663 0.582819 0.593262 0.603503 0.614107 0.622529 0.631540 0.638403 0.646619 0.652750 0.659837 0.665186 0.671621 0.677131 0.682907 0.687798 0.692620 0.697029 0.700830 0.706223 0.710078 0.712992 0.716845 0.720108 
0.000000 0.000000 0.000000 0.000000 0.000000 0.000000 0.003034 0.004595 0.007353 0.010193 0.026064 0.085470 0.150883 0.214907 0.259951 0.303868 0.342580 0.374816 0.404856 0.432480 0.455690 0.476672 0.495828 0.513900 0.528975 0.544547 0.558467 0.570553 0.583483 0.593770 0.604595 0.613352 0.622213 0.630890 0.638560 0.645975 0.652927 0.659730 0.665956 0.672184 0.678022 0.683563 0.687944 0.692692 0.697144 0.701306 0.705852 0.710198 0.713371 0.717416 0.720525 
0.000000 0.000000 0.000000 0.000000 0.000000 0.000000 0.003632 0.005080 0.007301 0.012737 0.028574 0.090545 0.152383 0.213425 0.260080 0.305323 0.344007 0.376114 0.405768 0.432273 0.455854 0.477004 0.497589 0.515082 0.530174 0.545210 0.559001 0.571770 0.584115 0.595273 0.605322 0.614840 0.623060 0.631771 0.638822 0.646286 0.653334 0.659986 0.666409 0.672388 0.677856 0.682749 0.687508 0.693492 0.697053 0.702329 0.706019 0.710331 0.713604 0.716869 0.720953 
0.000000 0.000000 0.000000 0.000000 0.000000 0.002456 0.003764 0.005133 0.008691 0.014684 0.032685 0.095458 0.156902 0.213130 0.262913 0.306111 0.343390 0.377682 0.407171 0.432829 0.456543 0.478090 0.496904 0.515204 0.530427 0.545591 0.559578 0.571551 0.584296 0.595086 0.604729 0.615542 0.623599 0.631733 0.639251 0.647089 0.653824 0.660334 0.666901 0.672613 0.677990 0.683405 0.688016 0.692707 0.697701 0.701816 0.705656 0.710130 0.713811 0.717280 0.721056 
0.000000 0.000000 0.000000 0.000000 0.000000 0.002144 0.003644 0.005392 0.008955 0.015091 0.050959 0.097190 0.155522 0.213553 0.263743 0.306901 0.344256 0.377533 0.406526 0.434226 0.456785 0.478456 0.496973 0.515161 0.531509 0.545782 0.559251 0.572976 0.584918 0.594953 0.605317 0.614440 0.623833 0.631429 0.639297 0.647092 0.653806 0.660484 0.667688 0.673298 0.678147 0.683214 0.688630 0.693306 0.698459 0.702504 0.706217 0.710451 0.714574 0.717733 0.720821 
0.000000 0.000000 0.000000 0.000000 0.000000 0.002869 0.004134 0.006585 0.009177 0.014573 0.055614 0.103344 0.160371 0.216910 0.262424 0.308627 0.345963 0.376953 0.408703 0.433739 0.457272 0.478610 0.499070 0.516129 0.532296 0.546174 0.560493 0.573114 0.584246 0.595183 0.606012 0.614757 0.623464 0.632254 0.639773 0.647167 0.654078 0.660706 0.666603 0.672189 0.678768 0.684152 0.688877 0.693799 0.698304 0.702570 0.706027 0.710168 0.714011 0.717468 0.721262 
0.000000 0.000000 0.000000 0.000000 0.000835 0.002999 0.004664 0.006320 0.010359 0.015980 0.066424 0.104402 0.160801 0.218964 0.265943 0.309003 0.344712 0.379219 0.409612 0.437375 0.458514 0.480463 0.498900 0.516523 0.532931 0.545960 0.560549 0.574000 0.585481 0.596872 0.606090 0.614511 0.624752 0.632518 0.640512 0.646991 0.655257 0.660750 0.666607 0.673257 0.678769 0.684253 0.688847 0.693123 0.698400 0.702366 0.706660 0.710898 0.714085 0.718031 0.720903 
0.000000 0.000000 0.000000 0.000000 0.001594 0.003192 0.004641 0.006840 0.010253 0.018249 0.067596 0.106326 0.168635 0.217868 0.267257 0.309025 0.347322 0.380870 0.408336 0.435449 0.458269 0.480259 0.499287 0.516204 0.532951 0.547357 0.561019 0.573325 0.585410 0.596088 0.606702 0.615784 0.623936 0.633428 0.641226 0.647505 0.655441 0.661135 0.667292 0.673367 0.678942 0.684477 0.689328 0.694109 0.698525 0.702214 0.706571 0.711287 0.714523 0.718032 0.721817 
0.000000 0.000000 0.000000 0.000000 0.002316 0.003357 0.005114 0.007342 0.011004 0.020424 0.074025 0.106536 0.166907 0.221463 0.269810 0.312070 0.347051 0.380317 0.410825 0.436549 0.459496 0.480679 0.500812 0.517292 0.533400 0.548309 0.561410 0.573608 0.586086 0.596391 0.606859 0.615934 0.624120 0.632722 0.640970 0.647608 0.654639 0.661791 0.668049 0.673524 0.679490 0.684872 0.689315 0.694418 0.698347 0.702842 0.706230 0.710792 0.715367 0.718150 0.721427 
0.000000 0.000000 0.000000 0.000000 0.002347 0.003403 0.005158 0.007438 0.011407 0.031275 0.076176 0.110732 0.166513 0.220429 0.269534 0.312788 0.349125 0.381079 0.411166 0.437466 0.460929 0.481146 0.500313 0.517631 0.532926 0.548202 0.561244 0.574326 0.585838 0.597626 0.607419 0.617023 0.625205 0.633489 0.641230 0.648976 0.656001 0.662317 0.668483 0.674050 0.679015 0.684648 0.689748 0.694002 0.698921 0.703015 0.706764 0.711309 0.715416 0.718237 0.722124 
0.000000 0.000000 0.000000 0.000000 0.002715 0.003643 0.005336 0.007739 0.012928 0.034511 0.075582 0.116243 0.171978 0.224548 0.271387 0.312019 0.350238 0.381789 0.411987 0.437054 0.460532 0.481951 0.500524 0.518468 0.534454 0.548561 0.562744 0.574642 0.586034 0.596483 0.607506 0.616966 0.625466 0.634402 0.641799 0.648810 0.655489 0.662459 0.668516 0.674632 0.679430 0.684772 0.690290 0.695141 0.699234 0.703396 0.707515 0.711048 0.715368 0.718911 0.721843 
0.000000 0.000000 0.000000 0.000000 0.002721 0.004003 0.005740 0.008289 0.013082 0.057594 0.079700 0.119242 0.173843 0.226531 0.272071 0.315521 0.350395 0.382628 0.414146 0.436469 0.459314 0.481672 0.502104 0.519726 0.533080 0.549609 0.563230 0.574984 0.586809 0.597709 0.608017 0.616965 0.625516 0.634897 0.642390 0.649772 0.655892 0.662722 0.668207 0.674574 0.679611 0.684992 0.689982 0.694305 0.699721 0.703408 0.707579 0.711511 0.715979 0.718902 0.722879 
0.000000 0.000000 0.000000 0.000000 0.000413 0.004260 0.005680 0.009101 0.014188 0.058464 0.084497 0.120857 0.174162 0.229033 0.275710 0.312488 0.352136 0.382522 0.413122 0.439908 0.460680 0.482819 0.501486 0.520120 0.534988 0.549434 0.563408 0.575463 0.587246 0.597538 0.609054 0.617249 0.626022 0.633747 0.641883 0.648952 0.657068 0.662367 0.668187 0.674577 0.679513 0.685142 0.690043 0.694713 0.698669 0.703984 0.707480 0.711761 0.715364 0.718739 0.722589 
0.000000 0.000000 0.000000 0.000000 0.002979 0.004428 0.006432 0.009520 0.015882 0.064956 0.087535 0.128579 0.180133 0.228791 0.275888 0.316090 0.353529 0.386291 0.414150 0.438179 0.464105 0.483216 0.502834 0.520154 0.535842 0.549818 0.563672 0.576369 0.587947 0.598584 0.608495 0.617947 0.626074 0.634292 0.641395 0.648807 0.656894 0.662849 0.668178 0.674579 0.680843 0.685769 0.689745 0.694760 0.699837 0.703899 0.707547 0.711889 0.714965 0.719047 0.722743 
0.000000 0.000000 0.000000 0.000108 0.003254 0.004469 0.006687 0.009430 0.019742 0.067424 0.090330 0.126200 0.177455 0.233136 0.278154 0.318652 0.353525 0.384999 0.415891 0.440064 0.463303 0.483776 0.503604 0.520552 0.534652 0.550404 0.563220 0.576198 0.587577 0.598307 0.608039 0.617578 0.626986 0.634488 0.642262 0.650591 0.656504 0.663631 0.669537 0.675522 0.679987 0.685719 0.690296 0.694867 0.699521 0.703410 0.708426 0.712213 0.716178 0.719037 0.722961 
0.000000 0.000000 0.000000 0.000000 0.003151 0.004679 0.007075 0.009756 0.029738 0.070897 0.090965 0.131589 0.179387 0.232914 0.277362 0.319567 0.356408 0.385913 0.414534 0.440524 0.464565 0.483551 0.502509 0.520258 0.535535 0.550473 0.564305 0.576799 0.589522 0.599347 0.608506 0.618200 0.627361 0.635378 0.642217 0.650085 0.656916 0.664040 0.669601 0.674702 0.679969 0.685406 0.690709 0.695235 0.699977 0.704302 0.708377 0.711864 0.715863 0.719457 0.722925 
0.000000 0.000000 0.000000 0.002288 0.003361 0.004713 0.006920 0.010284 0.052583 0.074295 0.096865 0.134455 0.182384 0.235745 0.281282 0.321677 0.355217 0.388555 0.414075 0.442714 0.464991 0.484870 0.504224 0.520802 0.537307 0.551207 0.565443 0.576794 0.588387 0.599083 0.608576 0.618190 0.627199 0.635235 0.643096 0.650325 0.657380 0.663826 0.669372 0.675751 0.681314 0.685690 0.690974 0.695212 0.700210 0.704422 0.708492 0.712069 0.716229 0.719687 0.723575 
0.000000 0.000000 0.000000 0.002150 0.003273 0.005216 0.007109 0.010399 0.057526 0.076743 0.100556 0.134856 0.187848 0.234312 0.278863 0.321977 0.356124 0.388779 0.416857 0.441211 0.465938 0.484221 0.504001 0.520856 0.537466 0.551210 0.564826 0.577652 0.589284 0.598814 0.609357 0.618981 0.627458 0.636494 0.643550 0.651343 0.656882 0.663636 0.669883 0.675557 0.680134 0.686372 0.691119 0.695800 0.699395 0.704088 0.708746 0.712664 0.716354 0.720282 0.723166 
0.000000 0.000000 0.000000 0.002284 0.003658 0.004786 0.008120 0.011463 0.061577 0.076565 0.102033 0.139677 0.190669 0.237951 0.282543 0.322648 0.357151 0.388429 0.417411 0.443441 0.466176 0.485449 0.505317 0.521941 0.537488 0.552077 0.565506 0.577633 0.589203 0.600263 0.609896 0.618679 0.627640 0.636218 0.643130 0.651045 0.657523 0.664211 0.670739 0.675481 0.680957 0.686813 0.691595 0.696332 0.700785 0.704808 0.709093 0.712711 0.716524 0.719676 0.723066 
0.000000 0.000000 0.000000 0.002384 0.003717 0.005645 0.008315 0.012702 0.065733 0.083079 0.106300 0.142377 0.192085 0.237647 0.283845 0.324295 0.359215 0.389198 0.418841 0.442627 0.465943 0.485969 0.505247 0.522785 0.538158 0.552294 0.566790 0.578750 0.589567 0.599762 0.608928 0.619193 0.627947 0.636087 0.643622 0.651098 0.658043 0.664247 0.670775 0.676335 0.681423 0.686769 0.691570 0.696222 0.700679 0.704569 0.708943 0.712443 0.716758 0.719785 0.724018 
0.000000 0.000000 0.000138 0.000000 0.003953 0.005574 0.008229 0.013630 0.067984 0.083416 0.107123 0.145941 0.195531 0.243599 0.283789 0.327794 0.360453 0.390337 0.420488 0.444689 0.467458 0.487326 0.506496 0.523542 0.537207 0.552030 0.566277 0.579212 0.589761 0.600880 0.610595 0.619781 0.627893 0.637263 0.643906 0.651049 0.657692 0.664186 0.669981 0.675245 0.681301 0.686705 0.692094 0.696822 0.700567 0.705341 0.708829 0.712838 0.716708 0.720203 0.723944 
0.000000 0.000000 0.000250 0.002729 0.003882 0.005698 0.009185 0.055044 0.071157 0.089012 0.110547 0.151180 0.196543 0.242014 0.286639 0.325718 0.362123 0.392429 0.419896 0.445373 0.467805 0.488250 0.506758 0.522891 0.539816 0.553091 0.567050 0.578903 0.590837 0.601238 0.610375 0.620608 0.628526 0.636686 0.644795 0.652009 0.657980 0.664769 0.671112 0.676330 0.682344 0.686728 0.691906 0.696471 0.701353 0.704782 0.709397 0.713191 0.716988 0.720365 0.723448 
0.000000 0.000000 0.000000 0.002797 0.004163 0.006085 0.009003 0.056967 0.074568 0.089827 0.114778 0.152607 0.198960 0.245919 0.289087 0.329074 0.363827 0.393444 0.420406 0.445786 0.467956 0.487931 0.507481 0.525100 0.539597 0.554377 0.567255 0.579221 0.591575 0.601235 0.611040 0.620670 0.628555 0.637004 0.645014 0.652791 0.658535 0.664979 0.671078 0.676146 0.681854 0.686832 0.692575 0.696731 0.700989 0.705076 0.709657 0.713278 0.717113 0.720565 0.723841 
0.000000 0.000000 0.000058 0.002759 0.004235 0.006233 0.009619 0.061567 0.076760 0.093804 0.119924 0.156201 0.200811 0.249401 0.290346 0.326285 0.363953 0.394237 0.423510 0.447622 0.468957 0.489534 0.508294 0.523935 0.540758 0.554244 0.566930 0.579910 0.591083 0.601024 0.611598 0.621414 0.629450 0.637459 0.645560 0.652131 0.658575 0.664665 0.671536 0.676649 0.681601 0.687481 0.692348 0.696403 0.701369 0.705554 0.709352 0.713376 0.716482 0.720319 0.724090 
0.000000 0.000000 0.000000 0.002805 0.004202 0.006484 0.010112 0.068377 0.082615 0.093604 0.122803 0.162026 0.205359 0.250615 0.292833 0.330967 0.364221 0.395418 0.423028 0.446966 0.469172 0.491128 0.509142 0.524818 0.540066 0.554969 0.568826 0.580647 0.591456 0.602369 0.612154 0.620757 0.630222 0.637433 0.644948 0.652099 0.658953 0.665575 0.670989 0.677023 0.682761 0.687731 0.691970 0.697151 0.700962 0.705441 0.709258 0.713360 0.717480 0.720756 0.724109 
0.000000 0.000000 0.000000 0.002956 0.004655 0.007057 0.010903 0.069855 0.084227 0.099100 0.126730 0.162679 0.207505 0.252290 0.295142 0.332398 0.367850 0.397245 0.424907 0.449739 0.469801 0.490514 0.508854 0.525957 0.541104 0.556157 0.568730 0.581196 0.591912 0.601970 0.612460 0.620505 0.630165 0.638307 0.645895 0.652748 0.659362 0.666268 0.671873 0.677504 0.683122 0.687006 0.692777 0.697221 0.701853 0.706321 0.709998 0.713622 0.717300 0.720536 0.723867 
0.000000 0.000000 0.000702 0.003035 0.004718 0.007207 0.010738 0.073328 0.086220 0.103587 0.130677 0.164915 0.211688 0.253467 0.296556 0.332866 0.366195 0.398536 0.425412 0.450047 0.473077 0.491968 0.509523 0.526715 0.542027 0.555819 0.569754 0.581638 0.592086 0.603622 0.612842 0.621992 0.630016 0.638697 0.646662 0.653045 0.659677 0.666184 0.671794 0.677322 0.683426 0.687347 0.692746 0.697476 0.702176 0.706307 0.710139 0.713885 0.717419 0.721048 0.724425 
0.000000 0.000000 0.000000 0.003071 0.004973 0.006919 0.011853 0.077446 0.090324 0.107113 0.131398 0.170494 0.213673 0.258069 0.298613 0.335988 0.370010 0.399017 0.426564 0.450011 0.471889 0.491600 0.510897 0.526525 0.542663 0.555851 0.570217 0.582243 0.592535 0.603881 0.613115 0.622002 0.630728 0.638820 0.646321 0.653332 0.659725 0.666940 0.672374 0.677991 0.683738 0.688012 0.692770 0.697825 0.702426 0.706581 0.709810 0.714293 0.717289 0.720580 0.724378 
0.000000 0.000000 0.000000 0.003121 0.004951 0.007659 0.067681 0.081691 0.094904 0.110360 0.134577 0.173393 0.217873 0.261763 0.301843 0.337554 0.369904 0.400028 0.427168 0.451317 0.472608 0.493910 0.511267 0.527281 0.541989 0.557320 0.569585 0.581568 0.593505 0.603987 0.613348 0.623259 0.630152 0.639253 0.645966 0.653905 0.660104 0.666096 0.672480 0.677738 0.683345 0.688116 0.692800 0.698029 0.702167 0.706621 0.710480 0.714538 0.717382 0.720991 0.724586 
0.000000 0.000000 0.001985 0.003300 0.005106 0.008034 0.072796 0.085444 0.096544 0.117103 0.140181 0.177039 0.220796 0.262386 0.303558 0.341302 0.373886 0.401131 0.428084 0.453521 0.474359 0.495363 0.512287 0.529056 0.543659 0.557856 0.572029 0.583010 0.593593 0.603871 0.614101 0.623310 0.630478 0.639225 0.646995 0.653802 0.660079 0.667243 0.673108 0.677996 0.683687 0.689000 0.693335 0.698082 0.702716 0.706531 0.710024 0.714176 0.717625 0.721594 0.724529 
0.000000 0.000000 0.000876 0.003701 0.005321 0.008059 0.079928 0.086564 0.102558 0.118593 0.145913 0.185240 0.225084 0.264993 0.305933 0.342448 0.372486 0.402652 0.429609 0.453415 0.474113 0.494725 0.512760 0.529281 0.543997 0.558730 0.570842 0.583308 0.595099 0.604717 0.613887 0.623324 0.631334 0.639118 0.647258 0.653567 0.660603 0.666645 0.673104 0.678751 0.684170 0.688974 0.693749 0.698218 0.702945 0.706901 0.710573 0.714666 0.718010 0.722067 0.724612 
0.000000 0.000000 0.000586 0.003575 0.005591 0.008933 0.084619 0.093466 0.108069 0.125563 0.152647 0.186692 0.229612 0.272346 0.307857 0.342126 0.377443 0.406439 0.429927 0.454432 0.476667 0.496148 0.514202 0.531093 0.545491 0.558912 0.572328 0.583857 0.594757 0.605162 0.614962 0.623062 0.632312 0.640089 0.647016 0.654549 0.661060 0.667215 0.673121 0.679217 0.683722 0.688764 0.693774 0.698359 0.702864 0.707114 0.711666 0.714626 0.718113 0.721409 0.725417 
0.000000 0.000000 0.002177 0.003636 0.005937 0.009162 0.087653 0.101322 0.112443 0.126779 0.157595 0.192501 0.233028 0.272422 0.311562 0.344624 0.376691 0.405078 0.432453 0.455879 0.477212 0.497108 0.514272 0.529691 0.546494 0.559629 0.572640 0.584992 0.595515 0.605954 0.615778 0.624013 0.633548 0.641339 0.648163 0.654410 0.661398 0.666716 0.673515 0.678957 0.684429 0.689039 0.694397 0.698904 0.702844 0.707575 0.711591 0.714280 0.718312 0.722110 0.725068 
0.000000 0.000000 0.000000 0.003653 0.005416 0.009593 0.100087 0.109629 0.117033 0.136226 0.159550 0.196961 0.233196 0.274824 0.312782 0.346519 0.378891 0.408691 0.433736 0.457337 0.479103 0.497794 0.515350 0.531495 0.547669 0.560942 0.572897 0.585604 0.595615 0.606619 0.615684 0.624159 0.633068 0.639914 0.648500 0.655508 0.661857 0.668374 0.674434 0.678661 0.684958 0.689938 0.694578 0.699301 0.703421 0.707059 0.711152 0.715368 0.718328 0.721483 0.725202 
0.000000 0.000000 0.002235 0.003849 0.006100 0.095325 0.106661 0.110029 0.124407 0.142492 0.167771 0.201414 0.241028 0.279106 0.317016 0.350243 0.382356 0.410345 0.435844 0.458359 0.479394 0.498735 0.515828 0.531860 0.547600 0.560781 0.574215 0.585333 0.596550 0.606933 0.616296 0.624928 0.633552 0.640844 0.648802 0.655897 0.661633 0.668307 0.673573 0.679968 0.684743 0.689428 0.694430 0.699590 0.703736 0.707421 0.711526 0.715008 0.718916 0.722078 0.725366 
0.000000 0.000000 0.002375 0.003824 0.006403 0.054164 0.124210 0.125562 0.135036 0.146908 0.173779 0.207175 0.245265 0.282941 0.319343 0.352143 0.384250 0.412172 0.437375 0.460568 0.480394 0.499924 0.518880 0.534383 0.547523 0.562078 0.575101 0.586692 0.596801 0.606937 0.617337 0.625017 0.634135 0.641200 0.648841 0.655829 0.662096 0.668624 0.674079 0.679327 0.685304 0.689680 0.695408 0.699286 0.703986 0.707538 0.711712 0.715300 0.718660 0.722656 0.725718 
0.000000 0.000000 0.002267 0.004003 0.006779 0.131996 0.137600 0.135294 0.141499 0.156838 0.181771 0.212331 0.252190 0.287074 0.323404 0.355757 0.387307 0.415787 0.439994 0.461347 0.483406 0.502411 0.518795 0.535247 0.550128 0.561825 0.575052 0.586607 0.597952 0.607479 0.617322 0.626004 0.634689 0.641792 0.649489 0.655779 0.662507 0.668829 0.674948 0.680472 0.685970 0.690139 0.695387 0.699377 0.704349 0.707875 0.712016 0.715635 0.719397 0.722236 0.725847 
0.000000 0.000000 0.002444 0.004299 0.006594 0.165815 0.156799 0.153365 0.156669 0.167861 0.188541 0.220298 0.256928 0.293691 0.327332 0.360979 0.389111 0.416830 0.441358 0.461915 0.484882 0.503245 0.519272 0.535613 0.551272 0.564193 0.576179 0.587613 0.597903 0.608660 0.617424 0.626673 0.634407 0.642789 0.650038 0.656714 0.662873 0.669467 0.674670 0.680355 0.686121 0.690737 0.695699 0.699700 0.703948 0.707841 0.712173 0.715884 0.718916 0.722830 0.726486 
0.000000 0.000000 0.002377 0.004080 0.006466 0.222708 0.181714 0.178940 0.173832 0.188443 0.206272 0.235833 0.262955 0.299757 0.333001 0.362973 0.390562 0.420280 0.443451 0.467524 0.485309 0.504706 0.519981 0.536999 0.552187 0.565085 0.577397 0.588044 0.599333 0.609033 0.618664 0.627035 0.635656 0.643104 0.650455 0.656849 0.664366 0.669083 0.675421 0.681082 0.685770 0.690852 0.695899 0.700092 0.703936 0.708810 0.712173 0.716572 0.719658 0.723179 0.725777 
0.000000 0.000000 0.000000 0.004532 0.007120 0.402269 0.305997 0.224320 0.222431 0.201437 0.223838 0.239463 0.272733 0.307033 0.335773 0.366163 0.398143 0.423109 0.445738 0.467848 0.487888 0.505952 0.523730 0.539142 0.552777 0.565398 0.578091 0.589486 0.599186 0.609995 0.619918 0.628224 0.636009 0.643964 0.651024 0.657887 0.663629 0.670181 0.675853 0.681380 0.685878 0.690841 0.695646 0.700531 0.704644 0.708477 0.712449 0.716644 0.719203 0.723050 0.726357 
0.000000 0.000000 0.002659 0.004510 0.007209 0.588120 0.565066 0.573595 0.294522 0.245996 0.239730 0.260406 0.285442 0.313173 0.343654 0.372792 0.401897 0.425079 0.447923 0.471023 0.491583 0.507234 0.524805 0.539419 0.553369 0.566679 0.579437 0.590585 0.600438 0.611064 0.619600 0.629244 0.636763 0.644164 0.650945 0.658065 0.664279 0.670068 0.675713 0.681557 0.686500 0.691500 0.696314 0.700263 0.704673 0.708640 0.712577 0.715960 0.719353 0.723062 0.726393 
0.000000 0.000000 0.002687 0.004626 0.008044 0.636837 0.630306 0.665320 0.681797 0.692008 0.700479 0.293602 0.311386 0.323898 0.350538 0.383018 0.406145 0.428207 0.452948 0.474765 0.491992 0.509939 0.526074 0.541701 0.555280 0.568153 0.580488 0.591020 0.602062 0.611837 0.619652 0.628859 0.637860 0.645019 0.651985 0.658791 0.664506 0.671376 0.676603 0.681838 0.686814 0.691955 0.696046 0.699954 0.704822 0.708951 0.713069 0.716584 0.719634 0.724042 0.726803 



la=0.000000
0.000000 0.000000 0.000000 0.000000 0.000000 0.000000 0.000000 0.000000 0.000000 0.000000 0.000000 0.000000 0.000000 0.004777 0.005284 0.006501 0.007439 0.007892 0.008526 0.008870 0.009531 0.009871 0.010250 0.010757 0.010853 0.011118 0.011498 0.011643 0.012048 0.012157 0.012437 0.012522 0.012714 0.012767 0.013025 0.013181 0.013318 0.013449 0.013535 0.013669 0.013806 0.013867 0.013931 0.014035 0.014216 0.014209 0.014315 0.014420 0.014406 0.014466 0.014550 
0.000000 0.000000 0.000000 0.000000 0.000000 0.000000 0.000000 0.000000 0.000000 0.000000 0.009854 0.038089 0.107481 0.182466 0.242498 0.288278 0.326283 0.363170 0.393724 0.422932 0.447504 0.469079 0.488762 0.507317 0.523697 0.539531 0.553462 0.566454 0.577727 0.589330 0.600525 0.610622 0.619231 0.628094 0.635640 0.642908 0.649850 0.656789 0.662890 0.668748 0.674824 0.680463 0.684891 0.690207 0.694778 0.699223 0.703698 0.707599 0.711584 0.715046 0.718317 
0.000000 0.000000 0.000000 0.000000 0.000000 0.000000 0.000000 0.000000 0.000000 0.000000 0.014582 0.059122 0.126512 0.192325 0.244371 0.290106 0.328766 0.365462 0.395990 0.423838 0.447816 0.468206 0.489719 0.508391 0.524089 0.539818 0.553286 0.566411 0.578647 0.589346 0.600800 0.610420 0.619407 0.627371 0.635383 0.643214 0.650282 0.656349 0.663950 0.669605 0.674811 0.679780 0.685597 0.690615 0.695023 0.698898 0.703721 0.707595 0.711827 0.714967 0.718919 
0.000000 0.000000 0.000000 0.000000 0.000000 0.000000 0.000000 0.000000 0.003722 0.008999 0.023996 0.066193 0.130886 0.194628 0.247633 0.293429 0.331118 0.365875 0.397539 0.423493 0.449374 0.472403 0.491064 0.508178 0.524616 0.539613 0.554535 0.568172 0.580194 0.590571 0.600308 0.610571 0.619489 0.627445 0.636493 0.643776 0.650786 0.657244 0.663671 0.669858 0.674642 0.680277 0.685954 0.690853 0.695350 0.700050 0.703797 0.708019 0.711726 0.715499 0.719232 
0.000000 0.000000 0.000000 0.000000 0.000000 0.000000 0.000000 0.000000 0.004475 0.010760 0.023707 0.067236 0.140548 0.195063 0.252659 0.295273 0.334233 0.367729 0.398176 0.425273 0.449497 0.471772 0.491064 0.509919 0.525965 0.541222 0.554757 0.568557 0.580937 0.591066 0.602006 0.611023 0.620270 0.628682 0.637134 0.644023 0.650432 0.657192 0.663596 0.670077 0.675766 0.680789 0.686485 0.690579 0.695207 0.700102 0.703881 0.707948 0.711987 0.715514 0.718635 
0.000000 0.000000 0.000000 0.000000 0.000000 0.000000 0.000000 0.001155 0.005239 0.009814 0.027319 0.075891 0.140420 0.203841 0.249310 0.298855 0.335253 0.371214 0.399704 0.425693 0.451035 0.472950 0.491583 0.509483 0.527204 0.542092 0.556435 0.567180 0.580479 0.590675 0.602067 0.611517 0.620727 0.628966 0.636660 0.644061 0.650290 0.657986 0.663670 0.669827 0.676131 0.681248 0.686289 0.690992 0.695725 0.699799 0.704046 0.708114 0.711608 0.715751 0.719191 
0.000000 0.000000 0.000000 0.000000 0.000000 0.000000 0.000000 0.001305 0.005955 0.012509 0.028471 0.076345 0.140676 0.200723 0.255780 0.296056 0.335483 0.370344 0.400312 0.427727 0.451790 0.472423 0.492253 0.509731 0.527189 0.541987 0.555239 0.568031 0.580159 0.591114 0.601716 0.612303 0.620846 0.629709 0.636266 0.644492 0.651773 0.657879 0.663976 0.669785 0.675855 0.681729 0.686818 0.691676 0.696042 0.700140 0.705006 0.708475 0.711788 0.716100 0.719658 
0.000000 0.000000 0.000000 0.000000 0.000000 0.000000 0.002578 0.004326 0.007576 0.013036 0.029416 0.074014 0.142139 0.203112 0.254110 0.300032 0.338906 0.371487 0.400630 0.427659 0.450458 0.474555 0.493611 0.511523 0.527543 0.543247 0.555450 0.569145 0.580938 0.593106 0.602109 0.612514 0.620687 0.629222 0.637595 0.644453 0.652189 0.658372 0.664684 0.671168 0.676180 0.681196 0.686554 0.691221 0.696206 0.700469 0.704619 0.708905 0.712192 0.716337 0.719254 
0.000000 0.000000 0.000000 0.000000 0.000000 0.000000 0.003077 0.004882 0.008370 0.014160 0.032426 0.075715 0.147182 0.206949 0.256125 0.297672 0.338829 0.372959 0.401161 0.427908 0.451465 0.474371 0.493789 0.510482 0.527656 0.542967 0.556861 0.569546 0.581649 0.592550 0.602413 0.611625 0.621379 0.629545 0.637280 0.645052 0.652308 0.658059 0.665412 0.671131 0.676282 0.681645 0.687169 0.690746 0.696375 0.700893 0.704836 0.708663 0.712207 0.716739 0.719471 
0.000000 0.000000 0.000000 0.000000 0.000000 0.000446 0.003130 0.004921 0.008240 0.013649 0.030726 0.082106 0.150764 0.209209 0.255549 0.301581 0.340074 0.374140 0.402056 0.429406 0.452765 0.473211 0.494342 0.511584 0.528712 0.543739 0.557207 0.569814 0.581414 0.592798 0.603214 0.611832 0.621269 0.630791 0.637156 0.644868 0.652437 0.658508 0.665505 0.670976 0.676101 0.681702 0.687429 0.691865 0.696285 0.700245 0.704786 0.708836 0.712635 0.716093 0.719628 
0.000000 0.000000 0.000000 0.000000 0.000000 0.000000 0.003462 0.005791 0.009012 0.015334 0.034421 0.078717 0.146874 0.206989 0.261071 0.302169 0.340562 0.374273 0.403926 0.429154 0.452155 0.475875 0.494305 0.512548 0.528063 0.543440 0.557371 0.569940 0.582195 0.592793 0.601732 0.613047 0.621712 0.630728 0.638026 0.644957 0.652956 0.658693 0.665083 0.671158 0.676600 0.682183 0.687643 0.691769 0.696528 0.700927 0.705120 0.708994 0.712776 0.716489 0.720006 
0.000000 0.000000 0.000000 0.000000 0.000000 0.002153 0.004201 0.006178 0.009450 0.016294 0.033515 0.088230 0.148330 0.210413 0.261097 0.304731 0.340469 0.372773 0.402614 0.429633 0.453854 0.475247 0.495788 0.512373 0.528516 0.543469 0.558426 0.571090 0.582550 0.592731 0.603090 0.613035 0.621946 0.630177 0.637892 0.645544 0.652888 0.658817 0.665612 0.670792 0.677956 0.682303 0.687587 0.692184 0.696194 0.701311 0.705068 0.709099 0.712212 0.716752 0.719862 
0.000000 0.000000 0.000000 0.000000 0.000000 0.002782 0.003820 0.006288 0.009892 0.016538 0.034760 0.079833 0.151887 0.212138 0.260206 0.303093 0.340202 0.375151 0.404985 0.429967 0.454907 0.476678 0.496112 0.514766 0.529804 0.543647 0.558234 0.571037 0.583051 0.592959 0.603114 0.613236 0.622654 0.630149 0.638720 0.646212 0.652093 0.659241 0.665362 0.671497 0.676596 0.681958 0.687486 0.692075 0.696186 0.700683 0.705096 0.709283 0.713012 0.716561 0.720364 
0.000000 0.000000 0.000000 0.000000 0.000000 0.002738 0.004483 0.006519 0.009912 0.017820 0.036925 0.080298 0.151078 0.213615 0.260835 0.304588 0.344458 0.376340 0.403137 0.431777 0.454433 0.475725 0.493617 0.514192 0.529150 0.542700 0.558223 0.571012 0.582438 0.593528 0.604298 0.613418 0.622473 0.631126 0.638868 0.645638 0.652720 0.659177 0.665579 0.672279 0.677936 0.682659 0.687803 0.693114 0.697410 0.700985 0.705464 0.708980 0.714223 0.716692 0.720549 
0.000000 0.000000 0.000000 0.000000 0.000212 0.000000 0.004663 0.006793 0.010149 0.016674 0.035707 0.080528 0.155965 0.211852 0.260266 0.305109 0.342451 0.377723 0.405571 0.431500 0.454933 0.476655 0.495463 0.513911 0.530392 0.545434 0.558195 0.571756 0.582632 0.593685 0.603872 0.612872 0.622005 0.630264 0.638175 0.646431 0.653049 0.659983 0.665939 0.671639 0.678047 0.682800 0.687357 0.692342 0.696747 0.701803 0.705290 0.709229 0.713338 0.717110 0.720671 
0.000000 0.000000 0.000000 0.000000 0.000000 0.003254 0.004334 0.006849 0.010485 0.017887 0.034089 0.087653 0.156025 0.215012 0.261550 0.301930 0.343408 0.375258 0.404981 0.433078 0.456360 0.476634 0.496637 0.514111 0.530831 0.544655 0.558781 0.571927 0.582888 0.594113 0.604004 0.614629 0.622419 0.630725 0.638945 0.646769 0.653587 0.659924 0.665898 0.672111 0.677622 0.682982 0.688096 0.692883 0.697537 0.701086 0.705961 0.710172 0.713331 0.716632 0.720777 
0.000000 0.000000 0.000000 0.000000 0.000000 0.003377 0.004806 0.007589 0.011589 0.017116 0.033653 0.085793 0.154270 0.212065 0.261898 0.306359 0.345050 0.376327 0.406482 0.433383 0.456586 0.476118 0.496326 0.514139 0.531051 0.545294 0.558914 0.571171 0.583455 0.594824 0.604794 0.614337 0.622388 0.631200 0.639126 0.646646 0.653595 0.660269 0.666848 0.672386 0.676936 0.682996 0.688478 0.692553 0.697324 0.701728 0.705744 0.710267 0.713887 0.717525 0.720516 
0.000000 0.000000 0.000000 0.000000 0.002258 0.003528 0.005110 0.007581 0.011115 0.017757 0.035131 0.089200 0.157160 0.212628 0.264135 0.305776 0.344123 0.377791 0.405671 0.433187 0.455768 0.477830 0.496840 0.515734 0.530489 0.545798 0.559410 0.570951 0.583983 0.594284 0.604466 0.614863 0.623340 0.631234 0.640281 0.646558 0.654050 0.660120 0.666628 0.672453 0.677836 0.682258 0.688230 0.693702 0.697594 0.701820 0.705815 0.709601 0.713829 0.717277 0.720687 
0.000000 0.000000 0.000000 0.000000 0.002608 0.003798 0.005439 0.008462 0.012006 0.018294 0.037927 0.089492 0.159534 0.215204 0.265114 0.308749 0.346117 0.378556 0.408346 0.434465 0.456570 0.478516 0.497581 0.515665 0.531259 0.546130 0.560146 0.572208 0.583865 0.595091 0.605560 0.615035 0.623636 0.631895 0.639674 0.646679 0.653881 0.660895 0.666195 0.672720 0.678018 0.682830 0.688387 0.693294 0.697477 0.702195 0.706667 0.710482 0.713805 0.717645 0.721032 
0.000000 0.000000 0.000000 0.000000 0.002559 0.003721 0.005730 0.008537 0.011524 0.019564 0.033475 0.087972 0.158905 0.216870 0.262289 0.307776 0.344670 0.376517 0.407091 0.433329 0.457153 0.478029 0.497621 0.515658 0.530856 0.545975 0.560016 0.572929 0.584628 0.594158 0.604989 0.614528 0.623827 0.632219 0.640705 0.647226 0.653850 0.660707 0.667698 0.672958 0.678429 0.683683 0.688217 0.693538 0.698005 0.701946 0.706185 0.710089 0.714184 0.717550 0.720843 
0.000000 0.000000 0.000000 0.000000 0.002814 0.004260 0.005784 0.008517 0.012433 0.019777 0.036686 0.091753 0.162242 0.219995 0.265292 0.306530 0.345416 0.378172 0.408719 0.433898 0.457601 0.478507 0.498148 0.516254 0.531492 0.546798 0.561069 0.572204 0.585370 0.596011 0.606226 0.615171 0.624823 0.631798 0.640090 0.647593 0.654705 0.660997 0.666558 0.673176 0.678515 0.683609 0.688261 0.694358 0.698435 0.702831 0.706613 0.710436 0.714373 0.717499 0.721446 
0.000000 0.000000 0.000000 0.000000 0.002734 0.004046 0.006033 0.007997 0.012944 0.020936 0.036488 0.094739 0.159432 0.216354 0.265879 0.310344 0.345114 0.379015 0.409226 0.436137 0.458957 0.478417 0.498140 0.516057 0.532633 0.546731 0.559839 0.573763 0.585089 0.595250 0.605205 0.615773 0.623899 0.632477 0.640202 0.646548 0.653982 0.660885 0.667360 0.672194 0.678637 0.683382 0.688699 0.693061 0.698130 0.702569 0.706021 0.710261 0.714775 0.717716 0.721137 
0.000000 0.000000 0.000000 0.002024 0.002878 0.004202 0.006031 0.008909 0.012855 0.020974 0.035371 0.098617 0.160271 0.215282 0.265978 0.308846 0.347933 0.381276 0.408959 0.435966 0.458861 0.481035 0.498702 0.517252 0.531365 0.547847 0.561327 0.573113 0.584780 0.595507 0.605766 0.615366 0.624137 0.632030 0.640440 0.647845 0.654332 0.660723 0.667266 0.673622 0.678718 0.683758 0.688386 0.693487 0.698467 0.702520 0.706694 0.710699 0.714938 0.717985 0.721205 
0.000000 0.000000 0.000000 0.000000 0.003015 0.004215 0.006586 0.008881 0.013152 0.019940 0.037406 0.089482 0.160892 0.218604 0.265741 0.309600 0.347151 0.379105 0.408209 0.435709 0.460050 0.479605 0.499102 0.516908 0.532656 0.547585 0.560979 0.573457 0.585124 0.596341 0.606192 0.616041 0.625185 0.632451 0.640117 0.648154 0.655213 0.661745 0.666931 0.673083 0.678360 0.684521 0.689072 0.694070 0.698088 0.702923 0.706572 0.710863 0.713778 0.718030 0.721397 
0.000000 0.000000 0.000000 0.001422 0.003157 0.004514 0.006676 0.009535 0.013192 0.018979 0.037422 0.090417 0.160190 0.218630 0.267125 0.309791 0.346343 0.379952 0.408262 0.435692 0.457937 0.479977 0.498922 0.517717 0.533392 0.547166 0.561890 0.573784 0.584947 0.595929 0.606706 0.615645 0.625400 0.633419 0.640345 0.647864 0.655393 0.661681 0.667621 0.673095 0.679246 0.683580 0.688884 0.693925 0.698350 0.703041 0.706856 0.710518 0.714896 0.717722 0.721992 
0.000000 0.000000 0.000000 0.002199 0.003391 0.004719 0.006620 0.009301 0.013241 0.020404 0.035472 0.093636 0.162522 0.217244 0.270204 0.312111 0.347621 0.381600 0.409889 0.436603 0.459093 0.480088 0.497985 0.516899 0.534501 0.547469 0.560361 0.573661 0.585789 0.596148 0.606300 0.616356 0.624372 0.632762 0.640482 0.648781 0.654930 0.660993 0.667197 0.674320 0.678943 0.684411 0.688593 0.694293 0.698389 0.702897 0.707360 0.710897 0.714666 0.718289 0.721559 
0.000000 0.000000 0.000000 0.001877 0.003483 0.005022 0.007077 0.009637 0.014146 0.020542 0.036867 0.090228 0.163013 0.222764 0.266682 0.311277 0.347711 0.381730 0.409468 0.435122 0.458944 0.480738 0.499840 0.516457 0.532330 0.547942 0.561320 0.573803 0.585287 0.596968 0.606804 0.616507 0.624867 0.633172 0.641442 0.647714 0.655273 0.661555 0.668108 0.672563 0.678955 0.684331 0.689639 0.693734 0.698823 0.703114 0.706916 0.711045 0.714896 0.718439 0.721315 
0.000000 0.000000 0.000000 0.002304 0.003437 0.004935 0.007029 0.009635 0.013900 0.020924 0.035843 0.094506 0.161296 0.218213 0.269206 0.311046 0.346027 0.380969 0.411173 0.436670 0.460493 0.480166 0.500220 0.517473 0.533894 0.548400 0.561869 0.574233 0.585723 0.596958 0.606901 0.616101 0.625730 0.633399 0.641161 0.649125 0.655393 0.662047 0.668532 0.673988 0.679063 0.684672 0.690241 0.694230 0.699000 0.703255 0.707268 0.711445 0.714956 0.718369 0.721476 
0.000000 0.000000 0.000000 0.002394 0.003747 0.005253 0.006959 0.009976 0.013947 0.020138 0.038694 0.096809 0.161491 0.219703 0.270253 0.309829 0.348933 0.381906 0.411513 0.438191 0.459518 0.481336 0.500258 0.518375 0.534182 0.548730 0.562083 0.573852 0.587017 0.597218 0.607531 0.616572 0.624749 0.633618 0.641418 0.648368 0.654903 0.661660 0.668395 0.672973 0.679505 0.684755 0.689396 0.694281 0.698740 0.703246 0.707266 0.711222 0.715102 0.718941 0.722252 
0.000000 0.000000 0.000000 0.002496 0.003722 0.005368 0.007430 0.009915 0.014021 0.020576 0.038703 0.093925 0.159157 0.219482 0.269617 0.314618 0.348477 0.381585 0.411993 0.435992 0.460500 0.482600 0.500461 0.517850 0.534378 0.548914 0.562176 0.575310 0.586312 0.597045 0.607028 0.616049 0.625244 0.633544 0.641482 0.648499 0.655707 0.662363 0.668134 0.673417 0.679458 0.684802 0.689672 0.694185 0.698721 0.703437 0.707704 0.711757 0.715203 0.718488 0.722228 
0.000000 0.000000 0.000000 0.002410 0.003604 0.005505 0.007635 0.010955 0.015015 0.022344 0.034849 0.101248 0.162716 0.225909 0.270193 0.312569 0.349528 0.382025 0.412065 0.436639 0.459603 0.482750 0.500449 0.518660 0.533822 0.548743 0.562728 0.575253 0.586657 0.597087 0.607682 0.617510 0.625456 0.633222 0.641606 0.648077 0.655385 0.662423 0.668532 0.674028 0.679927 0.684824 0.690099 0.694899 0.699115 0.703384 0.707474 0.711302 0.715421 0.718556 0.722002 
0.000000 0.000000 0.000000 0.002605 0.003871 0.005511 0.007420 0.010459 0.013817 0.020397 0.036768 0.093615 0.158554 0.224649 0.271363 0.312475 0.349047 0.382706 0.410566 0.438833 0.460709 0.481399 0.500294 0.519118 0.534536 0.548367 0.562694 0.575244 0.587238 0.597374 0.607594 0.617497 0.626969 0.633775 0.641637 0.649053 0.654841 0.661658 0.668618 0.674903 0.679361 0.685437 0.689680 0.694997 0.699420 0.703512 0.707581 0.711438 0.715138 0.718800 0.721979 
0.000000 0.000000 0.000000 0.002573 0.003935 0.005469 0.007794 0.010164 0.014933 0.022330 0.038957 0.097351 0.163212 0.221739 0.270488 0.311295 0.351384 0.382685 0.411808 0.437913 0.461679 0.482294 0.500986 0.518720 0.534815 0.548560 0.563952 0.575583 0.587806 0.597113 0.608125 0.617582 0.625743 0.634342 0.641455 0.648459 0.656222 0.661852 0.669274 0.674552 0.679329 0.685056 0.690489 0.694634 0.699318 0.703645 0.707821 0.711483 0.715547 0.719182 0.722241 
0.000000 0.000000 0.000000 0.002723 0.004100 0.005405 0.007828 0.010485 0.015901 0.021460 0.039240 0.097068 0.163312 0.222670 0.272931 0.313311 0.350596 0.382224 0.412061 0.437730 0.461050 0.483122 0.502912 0.518726 0.535453 0.549120 0.563749 0.575293 0.587512 0.598475 0.608384 0.616638 0.625992 0.634351 0.642034 0.649443 0.656043 0.662387 0.668194 0.673897 0.680074 0.685243 0.690406 0.694376 0.699295 0.703985 0.707920 0.711813 0.715459 0.718786 0.722168 
0.000000 0.000000 0.000000 0.002812 0.004202 0.005800 0.007694 0.011067 0.014465 0.021316 0.037987 0.102394 0.166168 0.222253 0.274029 0.316200 0.350189 0.384860 0.412039 0.438008 0.460920 0.481785 0.500854 0.519409 0.533878 0.549455 0.563895 0.575824 0.588104 0.597895 0.608267 0.617387 0.626535 0.635347 0.642089 0.649320 0.656749 0.662253 0.668731 0.675213 0.679992 0.685514 0.690386 0.694719 0.699890 0.703756 0.707840 0.711721 0.715026 0.718839 0.722467 
0.000000 0.000000 0.000000 0.002681 0.004137 0.005888 0.008436 0.011106 0.015155 0.022468 0.037725 0.100400 0.168275 0.222751 0.269018 0.314349 0.351739 0.383122 0.413335 0.438800 0.461409 0.482324 0.501813 0.519460 0.533997 0.550138 0.563822 0.576458 0.587471 0.598789 0.607818 0.617667 0.626569 0.634905 0.642171 0.649103 0.656901 0.662411 0.669060 0.674558 0.680316 0.685653 0.690517 0.694897 0.699092 0.703489 0.708017 0.711649 0.714943 0.719184 0.722760 
0.000000 0.000000 0.001027 0.002874 0.004441 0.006139 0.008065 0.011363 0.014796 0.022444 0.036673 0.096365 0.166693 0.222579 0.270618 0.315289 0.353319 0.383343 0.413766 0.439362 0.462097 0.484161 0.502210 0.518726 0.535859 0.550404 0.564483 0.576311 0.587863 0.598410 0.608563 0.618233 0.626486 0.634382 0.642872 0.649310 0.656305 0.663108 0.669504 0.674718 0.680582 0.685849 0.689918 0.694757 0.699279 0.703748 0.707565 0.711710 0.715531 0.718810 0.722227 
0.000000 0.000000 0.000000 0.003035 0.004479 0.006025 0.008378 0.011255 0.015172 0.023084 0.038623 0.099832 0.165566 0.227386 0.272826 0.314654 0.349114 0.384854 0.414216 0.438413 0.463627 0.483963 0.501920 0.518726 0.535359 0.549470 0.563918 0.576096 0.587685 0.598097 0.607717 0.617417 0.626423 0.634294 0.643081 0.649278 0.657545 0.662657 0.668785 0.675067 0.681229 0.685727 0.691083 0.695455 0.699664 0.703975 0.708123 0.711874 0.715658 0.719253 0.722614 
0.000000 0.000000 0.001832 0.003097 0.004377 0.006078 0.008385 0.011253 0.014812 0.022126 0.038699 0.098817 0.167831 0.221941 0.274057 0.314845 0.351815 0.384672 0.413839 0.440093 0.463276 0.484441 0.503025 0.520052 0.536100 0.551110 0.564952 0.576573 0.587311 0.598299 0.608722 0.617523 0.626895 0.635752 0.642774 0.649325 0.656809 0.663270 0.669185 0.674883 0.680835 0.685765 0.690573 0.695552 0.699417 0.703942 0.707880 0.712334 0.715744 0.719505 0.722582 
0.000000 0.000000 0.001883 0.003076 0.004460 0.006483 0.008787 0.011544 0.015356 0.023587 0.036331 0.101844 0.162333 0.224092 0.274666 0.312762 0.353944 0.384782 0.414228 0.439353 0.462916 0.482660 0.501997 0.521120 0.536188 0.551138 0.563929 0.576537 0.588206 0.598298 0.608715 0.618053 0.627130 0.634768 0.642918 0.650068 0.657017 0.663357 0.669209 0.675408 0.680890 0.685620 0.691158 0.695005 0.700000 0.704277 0.708109 0.711973 0.715923 0.719175 0.723123 
0.000000 0.000000 0.001937 0.003234 0.004541 0.006450 0.008697 0.011759 0.015616 0.023125 0.039225 0.103409 0.170736 0.227626 0.273422 0.315993 0.353545 0.386727 0.414906 0.441826 0.464208 0.485666 0.503707 0.520422 0.536598 0.551243 0.564343 0.575623 0.588247 0.599750 0.609278 0.618135 0.627447 0.635074 0.643180 0.650463 0.656803 0.663172 0.669317 0.675326 0.680645 0.685643 0.691248 0.695530 0.699628 0.704219 0.708445 0.712445 0.715939 0.718704 0.722712 
0.000000 0.000000 0.001214 0.003149 0.004933 0.006456 0.008923 0.011657 0.014649 0.023602 0.038486 0.099934 0.168625 0.226240 0.275639 0.317820 0.351479 0.385965 0.415271 0.439272 0.462827 0.482690 0.503574 0.520733 0.536475 0.551036 0.564360 0.576907 0.589190 0.599852 0.609415 0.618498 0.627350 0.634335 0.643509 0.649906 0.657606 0.663501 0.669553 0.675503 0.680842 0.686296 0.691211 0.695057 0.700558 0.704466 0.708313 0.711960 0.715773 0.719639 0.722973 
0.000000 0.000000 0.001421 0.003300 0.004781 0.006715 0.008772 0.011786 0.015967 0.022078 0.040057 0.102729 0.169740 0.224467 0.274436 0.317605 0.352098 0.385609 0.415251 0.441010 0.464412 0.483726 0.504038 0.520351 0.537257 0.551247 0.564515 0.577088 0.588392 0.598520 0.610399 0.618993 0.627514 0.635637 0.643885 0.649950 0.657273 0.664538 0.670153 0.675646 0.680811 0.685914 0.690821 0.695798 0.699929 0.704314 0.707703 0.712620 0.715895 0.719247 0.722769 
0.000000 0.000000 0.000000 0.003548 0.004911 0.006605 0.008762 0.011713 0.015659 0.023865 0.038955 0.102191 0.175215 0.225486 0.272621 0.317361 0.354572 0.385308 0.414723 0.441680 0.464057 0.483823 0.504200 0.521093 0.537290 0.551841 0.565264 0.576934 0.588917 0.599013 0.609821 0.618634 0.626964 0.635266 0.642941 0.650646 0.657022 0.663714 0.670043 0.676131 0.681552 0.686234 0.691299 0.695642 0.700290 0.704188 0.708438 0.712387 0.716574 0.719815 0.723250 
0.000000 0.000000 0.000000 0.003492 0.004831 0.006986 0.009094 0.012274 0.015636 0.022602 0.037030 0.101219 0.169364 0.225983 0.275203 0.316838 0.351987 0.386422 0.416434 0.440958 0.464314 0.485798 0.503716 0.521111 0.536974 0.550815 0.565408 0.576993 0.590210 0.598625 0.609153 0.618990 0.627394 0.635720 0.643755 0.650011 0.657629 0.663309 0.670485 0.675771 0.681535 0.686070 0.691291 0.695858 0.700699 0.704452 0.708453 0.712778 0.716509 0.719648 0.722760 
0.000000 0.000000 0.002039 0.003517 0.004870 0.006711 0.008551 0.012542 0.016275 0.022939 0.039868 0.102143 0.171524 0.226219 0.275202 0.320068 0.355754 0.386883 0.415629 0.442023 0.464604 0.485405 0.503542 0.522330 0.537437 0.551432 0.566107 0.577946 0.588674 0.599830 0.609231 0.619862 0.627800 0.635757 0.643417 0.650986 0.656995 0.664306 0.670404 0.675162 0.681844 0.686090 0.691436 0.696361 0.700136 0.704343 0.708558 0.712704 0.716175 0.719911 0.723524 
0.000000 0.000000 0.002160 0.003681 0.005048 0.006971 0.009377 0.011638 0.015915 0.022991 0.039251 0.101022 0.170133 0.226857 0.276229 0.318285 0.355146 0.388946 0.414938 0.441481 0.464776 0.486047 0.505221 0.521749 0.537566 0.553328 0.565352 0.578055 0.588985 0.599881 0.610425 0.618939 0.628555 0.636315 0.643262 0.650770 0.657731 0.663854 0.670629 0.675770 0.680952 0.686456 0.691289 0.695923 0.700321 0.705065 0.709391 0.712573 0.716510 0.719651 0.723344 
0.000000 0.000000 0.002298 0.003643 0.005150 0.007044 0.009291 0.012692 0.015566 0.023562 0.038408 0.101481 0.172024 0.225606 0.275920 0.317730 0.356306 0.386724 0.415675 0.442575 0.465082 0.484938 0.504731 0.521250 0.536472 0.552609 0.565938 0.578721 0.589158 0.599949 0.610584 0.619414 0.628835 0.635639 0.643370 0.650988 0.657186 0.664277 0.670269 0.676266 0.681339 0.686224 0.691414 0.695952 0.700685 0.704563 0.708647 0.712244 0.716510 0.720131 0.723508 
0.000000 0.000000 0.002193 0.003624 0.005127 0.007026 0.009095 0.012222 0.016928 0.024175 0.038041 0.107746 0.173124 0.228470 0.276652 0.317591 0.355892 0.386207 0.417214 0.441282 0.466133 0.485978 0.505603 0.522550 0.537561 0.553195 0.565692 0.577719 0.589984 0.600585 0.610188 0.619354 0.627941 0.635804 0.644177 0.651142 0.657857 0.663781 0.670271 0.676486 0.681513 0.686909 0.691245 0.695628 0.700543 0.704860 0.709025 0.713069 0.716462 0.720214 0.722956 
0.000000 0.000000 0.002353 0.003737 0.005363 0.007171 0.009358 0.012461 0.015990 0.023655 0.042426 0.103834 0.175335 0.228573 0.275974 0.320097 0.356516 0.387321 0.416853 0.441606 0.465908 0.486452 0.505763 0.521285 0.538102 0.552211 0.566315 0.578454 0.589891 0.600422 0.609791 0.619484 0.628528 0.636028 0.643975 0.651624 0.658165 0.663649 0.670450 0.676110 0.682157 0.686754 0.691710 0.696149 0.700264 0.704741 0.708821 0.712865 0.716536 0.719580 0.722992 
0.000000 0.000000 0.002247 0.003724 0.005574 0.007326 0.009561 0.012301 0.016429 0.024779 0.040757 0.106667 0.171372 0.227400 0.278853 0.319866 0.357098 0.388271 0.417631 0.442501 0.467024 0.486354 0.505880 0.523303 0.538167 0.552024 0.565461 0.578807 0.588815 0.600780 0.610322 0.619596 0.628281 0.635559 0.643896 0.651532 0.658253 0.664161 0.670510 0.676014 0.681273 0.687151 0.692601 0.696525 0.700651 0.705245 0.709332 0.712683 0.716298 0.719387 0.723318 



la=2.000000
0.000000 0.000000 0.000000 0.000000 0.000000 0.000000 0.000000 0.000000 0.000000 0.000000 0.000000 0.000000 0.001226 0.000000 0.005723 0.006845 0.007429 0.008052 0.008523 0.009003 0.009502 0.009984 0.010260 0.010550 0.010982 0.011243 0.011488 0.011744 0.012011 0.012121 0.012305 0.012573 0.012697 0.012893 0.013001 0.013198 0.013322 0.013427 0.013578 0.013599 0.013781 0.013903 0.014035 0.014031 0.014067 0.014183 0.014282 0.014386 0.014458 0.014514 0.014568 
0.000000 0.000000 0.000000 0.000000 0.000000 0.000000 0.000000 0.000000 0.000000 0.000000 0.023909 0.062868 0.118037 0.180939 0.235772 0.289133 0.328117 0.363665 0.392946 0.421520 0.446532 0.468897 0.488080 0.508112 0.523406 0.539221 0.552981 0.565865 0.577046 0.589075 0.599527 0.609756 0.618686 0.626941 0.635234 0.642525 0.649946 0.657186 0.662827 0.669670 0.674176 0.679848 0.685081 0.689519 0.694900 0.699428 0.703855 0.707126 0.710971 0.715075 0.718915 
0.000000 0.000000 0.000000 0.000000 0.000000 0.000000 0.000000 0.000000 0.000000 0.012694 0.038964 0.078246 0.136667 0.191236 0.244161 0.289131 0.330938 0.364554 0.394172 0.422392 0.446739 0.470119 0.489913 0.506791 0.523541 0.539672 0.553758 0.566834 0.579723 0.589579 0.600675 0.609715 0.620433 0.627437 0.635535 0.642376 0.650350 0.657024 0.662825 0.669129 0.675066 0.680615 0.685225 0.690168 0.695016 0.699169 0.703616 0.707733 0.711167 0.715559 0.718871 
0.000000 0.000000 0.000000 0.000000 0.000000 0.000000 0.000000 0.000000 0.007230 0.020536 0.046887 0.091572 0.144807 0.201805 0.249813 0.293447 0.331378 0.366814 0.396603 0.425187 0.447614 0.470908 0.490908 0.509224 0.523985 0.539777 0.553854 0.567424 0.579429 0.589886 0.600279 0.610394 0.618532 0.627611 0.635732 0.643153 0.650266 0.657106 0.663367 0.669544 0.675001 0.681002 0.685743 0.690604 0.694770 0.699706 0.704088 0.707485 0.711532 0.715004 0.718365 
0.000000 0.000000 0.000000 0.000000 0.000000 0.000000 0.000000 0.005082 0.014877 0.027682 0.055958 0.105505 0.155037 0.202775 0.251755 0.295318 0.333297 0.369645 0.396134 0.425555 0.448250 0.470008 0.491604 0.509750 0.524695 0.540406 0.554157 0.566923 0.579858 0.590547 0.600391 0.610711 0.620047 0.628164 0.635121 0.643539 0.650825 0.657159 0.663375 0.669192 0.674814 0.679788 0.685790 0.690685 0.695157 0.699714 0.703712 0.707682 0.711682 0.715304 0.718465 
0.000000 0.000000 0.000000 0.000000 0.000000 0.000000 0.000000 0.007010 0.015271 0.030868 0.064795 0.110359 0.162302 0.209154 0.254452 0.299621 0.334519 0.369176 0.398444 0.425298 0.448425 0.472589 0.491735 0.508704 0.526735 0.542089 0.554843 0.567122 0.580201 0.591620 0.600691 0.611005 0.620239 0.627987 0.636100 0.643929 0.650771 0.657211 0.664213 0.669620 0.675232 0.680084 0.685319 0.689967 0.695341 0.699784 0.704028 0.707595 0.711904 0.715593 0.719385 
0.000000 0.000000 0.000000 0.000000 0.000000 0.000000 0.002657 0.009784 0.018200 0.044251 0.074057 0.115590 0.163609 0.211903 0.258603 0.302062 0.336897 0.371435 0.400561 0.426443 0.451760 0.473839 0.491701 0.508768 0.526481 0.542635 0.555186 0.568117 0.579925 0.591703 0.602336 0.610934 0.619775 0.628969 0.636265 0.643877 0.651222 0.657568 0.664077 0.669693 0.675419 0.681368 0.686027 0.690447 0.695546 0.700389 0.703940 0.707532 0.711261 0.715334 0.718792 
0.000000 0.000000 0.000000 0.000000 0.000000 0.000000 0.003045 0.009791 0.020258 0.048743 0.078380 0.122494 0.169396 0.218363 0.261880 0.301261 0.337311 0.372878 0.401694 0.427319 0.450772 0.473700 0.492840 0.509795 0.527410 0.542211 0.555781 0.569129 0.579712 0.591950 0.601815 0.611511 0.619860 0.629353 0.636703 0.644469 0.651645 0.657916 0.664263 0.669553 0.674979 0.680992 0.686234 0.691275 0.696001 0.700031 0.704117 0.707799 0.711936 0.715573 0.719543 
0.000000 0.000000 0.000000 0.000000 0.000000 0.002472 0.005614 0.011839 0.026353 0.048454 0.082949 0.129278 0.171630 0.219876 0.261955 0.302878 0.340692 0.373502 0.404453 0.429049 0.453698 0.473410 0.491804 0.511581 0.527051 0.541339 0.555058 0.568049 0.580628 0.591020 0.602303 0.610944 0.621090 0.629865 0.637426 0.644297 0.651237 0.658296 0.664024 0.669836 0.675618 0.681226 0.686203 0.691358 0.695719 0.699509 0.704138 0.708422 0.712217 0.715825 0.718995 
0.000000 0.000000 0.000000 0.000000 0.000000 0.000532 0.006279 0.013487 0.027468 0.052449 0.088268 0.133050 0.179128 0.223035 0.268928 0.307237 0.342702 0.373427 0.404025 0.430471 0.453968 0.474591 0.493692 0.511249 0.527582 0.542174 0.556321 0.569853 0.581626 0.592032 0.603335 0.612012 0.621083 0.629877 0.636963 0.644860 0.651508 0.657838 0.664519 0.670047 0.675821 0.681157 0.686054 0.690950 0.695157 0.700107 0.704699 0.708483 0.711960 0.715770 0.719081 
0.000000 0.000000 0.000000 0.000000 0.000000 0.003721 0.007930 0.016072 0.036093 0.055999 0.092651 0.137812 0.182396 0.228294 0.271518 0.306669 0.344039 0.377013 0.405670 0.431496 0.454241 0.475117 0.494682 0.512289 0.528770 0.543018 0.556450 0.570081 0.581943 0.593246 0.601925 0.612701 0.621162 0.628998 0.637533 0.645574 0.652309 0.658332 0.664513 0.670180 0.676219 0.681828 0.686428 0.691974 0.695772 0.700468 0.704437 0.708921 0.712402 0.716095 0.719042 
0.000000 0.000000 0.000000 0.000000 0.000000 0.003636 0.008840 0.018234 0.038156 0.063019 0.101215 0.142153 0.185588 0.230053 0.273203 0.310569 0.345813 0.376965 0.405328 0.431652 0.453408 0.475572 0.495239 0.512662 0.529260 0.543512 0.557416 0.569591 0.581998 0.592878 0.601956 0.612110 0.621985 0.629688 0.637181 0.645214 0.651444 0.658549 0.664794 0.670640 0.676134 0.682085 0.686662 0.690801 0.695907 0.700399 0.704574 0.709253 0.712659 0.715748 0.719113 
0.000000 0.000000 0.000000 0.000000 0.000000 0.004328 0.009982 0.020201 0.040343 0.067598 0.105474 0.143886 0.189029 0.232562 0.274894 0.313299 0.346228 0.377075 0.407641 0.433469 0.455027 0.476362 0.496178 0.512468 0.529009 0.543936 0.557311 0.571581 0.581899 0.594077 0.603851 0.612565 0.621503 0.629448 0.637749 0.645220 0.651380 0.658252 0.665104 0.670618 0.676257 0.681862 0.687164 0.691850 0.696330 0.700500 0.704968 0.708609 0.712019 0.715678 0.719959 
0.000000 0.000000 0.000000 0.000000 0.000000 0.005295 0.011863 0.023465 0.043895 0.069532 0.107905 0.150146 0.190345 0.236192 0.276857 0.315014 0.348173 0.379312 0.406694 0.433103 0.455337 0.477304 0.496498 0.514297 0.528827 0.544851 0.556900 0.570730 0.581972 0.592690 0.603986 0.613080 0.622024 0.630378 0.638663 0.646409 0.652662 0.659675 0.665604 0.671192 0.676374 0.682429 0.687239 0.692378 0.696474 0.701083 0.704601 0.708806 0.712570 0.716830 0.719703 
0.000000 0.000000 0.000000 0.000000 0.000790 0.005716 0.012750 0.023615 0.045469 0.073520 0.109416 0.152692 0.194621 0.239521 0.279138 0.314687 0.351921 0.381414 0.409757 0.434580 0.457411 0.477247 0.496243 0.514185 0.530214 0.544543 0.557736 0.570525 0.582744 0.593501 0.603851 0.612686 0.621637 0.630474 0.637934 0.646198 0.652303 0.659097 0.665223 0.670742 0.676770 0.681513 0.687057 0.691807 0.696809 0.701070 0.705107 0.709644 0.712499 0.717123 0.719630 
0.000000 0.000000 0.000000 0.000078 0.003305 0.006379 0.013703 0.025430 0.051363 0.078085 0.111506 0.154352 0.196667 0.239216 0.282568 0.318061 0.351025 0.382061 0.410595 0.434080 0.457483 0.477235 0.497890 0.514859 0.530013 0.545051 0.559072 0.571581 0.582676 0.593995 0.603866 0.613569 0.622868 0.630144 0.638231 0.645609 0.653424 0.659353 0.665630 0.671521 0.676836 0.682471 0.687754 0.692370 0.695954 0.701182 0.705126 0.709528 0.712802 0.716642 0.720436 
0.000000 0.000000 0.000000 0.000000 0.000000 0.006831 0.015087 0.028918 0.049282 0.078901 0.118686 0.157917 0.202512 0.242003 0.282224 0.319378 0.352824 0.383832 0.411721 0.437451 0.458296 0.478322 0.498065 0.515192 0.531208 0.546236 0.558962 0.571378 0.583582 0.594448 0.603529 0.614433 0.623220 0.631736 0.638677 0.645508 0.653117 0.660061 0.665402 0.671408 0.677110 0.682542 0.688025 0.692627 0.697155 0.701081 0.705166 0.708912 0.712976 0.716483 0.720033 
0.000000 0.000000 0.000000 0.000000 0.004102 0.006686 0.015870 0.031415 0.051998 0.079297 0.120857 0.161490 0.204426 0.245749 0.285061 0.322377 0.356129 0.385245 0.412474 0.436032 0.459511 0.479353 0.498147 0.514552 0.531077 0.545767 0.559773 0.572168 0.583698 0.595133 0.604742 0.614485 0.622946 0.631945 0.639057 0.646292 0.652882 0.660064 0.666820 0.671840 0.677461 0.682649 0.687340 0.692517 0.697231 0.701652 0.705418 0.709644 0.712664 0.717091 0.720727 
0.000000 0.000000 0.000000 0.000000 0.004204 0.008177 0.017367 0.033156 0.053200 0.084219 0.126382 0.163739 0.205959 0.248092 0.288502 0.321356 0.356026 0.385830 0.414049 0.437004 0.461865 0.481149 0.499172 0.517229 0.532534 0.547624 0.560523 0.572603 0.584606 0.595369 0.605811 0.614721 0.623710 0.630903 0.639542 0.646897 0.653334 0.660472 0.666610 0.672045 0.677778 0.683436 0.688346 0.692330 0.697403 0.701841 0.705402 0.709258 0.713229 0.716883 0.720293 
0.000000 0.000000 0.000000 0.000000 0.004705 0.007837 0.018654 0.035113 0.057374 0.087322 0.125755 0.168575 0.207854 0.249326 0.286188 0.324947 0.357805 0.388063 0.413996 0.437286 0.461255 0.482815 0.499758 0.516592 0.532728 0.548179 0.561193 0.573526 0.585311 0.596047 0.605806 0.615042 0.624078 0.632872 0.639940 0.647225 0.654227 0.660104 0.666845 0.672158 0.677773 0.683356 0.688083 0.693165 0.697248 0.701530 0.705823 0.709375 0.713341 0.717518 0.720632 
0.000000 0.000000 0.000000 0.001042 0.004886 0.010578 0.022229 0.035612 0.060276 0.092484 0.127353 0.169343 0.213552 0.252223 0.290002 0.324855 0.359040 0.388503 0.415820 0.441069 0.462609 0.483284 0.501360 0.517681 0.533525 0.548430 0.560662 0.574380 0.584973 0.595625 0.605616 0.615674 0.623856 0.631832 0.639921 0.647390 0.653857 0.660433 0.667295 0.672992 0.678480 0.683783 0.688691 0.693171 0.697041 0.702106 0.706257 0.709995 0.713835 0.717142 0.720676 
0.000000 0.000000 0.000000 0.000291 0.005119 0.010571 0.020778 0.039593 0.058172 0.097908 0.129926 0.171857 0.212963 0.252711 0.293059 0.325806 0.360028 0.390573 0.416628 0.440329 0.463132 0.482776 0.502014 0.519044 0.533677 0.548597 0.562032 0.573366 0.585161 0.596362 0.605315 0.615208 0.624733 0.633171 0.639180 0.647030 0.653970 0.660766 0.666384 0.673015 0.678499 0.683088 0.688240 0.693975 0.697813 0.702424 0.706084 0.710027 0.713801 0.717030 0.721142 
0.000000 0.000000 0.000000 0.002591 0.005287 0.010116 0.022285 0.040546 0.064424 0.094538 0.132494 0.176022 0.216872 0.254919 0.295003 0.331718 0.360637 0.390087 0.416987 0.441520 0.464220 0.483821 0.502213 0.518348 0.535387 0.549661 0.562670 0.574336 0.585666 0.596586 0.606446 0.616078 0.624068 0.632675 0.640859 0.647987 0.654477 0.660652 0.667151 0.673079 0.678518 0.683480 0.688747 0.693712 0.698090 0.702324 0.706468 0.710086 0.713697 0.717558 0.721175 
0.000000 0.000000 0.000000 0.001706 0.005545 0.012273 0.025525 0.043152 0.065057 0.095686 0.136657 0.174214 0.218667 0.256373 0.297675 0.331119 0.363459 0.390673 0.419550 0.442911 0.463050 0.484871 0.502889 0.520632 0.534648 0.548926 0.563617 0.575055 0.586741 0.595954 0.606264 0.616187 0.624556 0.633357 0.640325 0.648111 0.655122 0.661833 0.667382 0.673246 0.679204 0.683594 0.689375 0.693820 0.698446 0.702435 0.706502 0.710140 0.714168 0.717956 0.721024 
0.000000 0.000000 0.000000 0.002868 0.006026 0.012732 0.023628 0.041366 0.068180 0.098892 0.137422 0.182162 0.219106 0.259199 0.298499 0.332809 0.363511 0.393552 0.418852 0.442264 0.466558 0.486188 0.503240 0.520389 0.536658 0.550456 0.562914 0.575683 0.587286 0.597610 0.607930 0.616927 0.625713 0.633929 0.640730 0.647621 0.654677 0.661169 0.668045 0.673577 0.679140 0.683310 0.688892 0.694153 0.698672 0.702447 0.706413 0.710339 0.714296 0.718398 0.721343 
0.000000 0.000000 0.000000 0.003298 0.006530 0.013686 0.026564 0.043261 0.071733 0.102976 0.141537 0.179001 0.220805 0.262382 0.298582 0.333012 0.364705 0.393544 0.420827 0.443397 0.466217 0.486376 0.504546 0.519945 0.536943 0.550567 0.564612 0.576055 0.586510 0.597586 0.608540 0.616933 0.625070 0.633446 0.642148 0.648502 0.655726 0.661364 0.667938 0.673886 0.679147 0.684625 0.689366 0.693762 0.698505 0.702465 0.706633 0.711141 0.714280 0.718061 0.721144 
0.000000 0.000000 0.000000 0.003100 0.007105 0.014880 0.025287 0.044496 0.069849 0.103798 0.140790 0.183136 0.224246 0.263900 0.299735 0.333288 0.365344 0.396220 0.421618 0.445530 0.466882 0.486157 0.505087 0.522638 0.536893 0.550343 0.563579 0.577041 0.587998 0.597191 0.609474 0.617396 0.626289 0.634143 0.641382 0.649213 0.656467 0.662486 0.668227 0.673545 0.679407 0.683943 0.689120 0.693908 0.697847 0.702792 0.706990 0.711021 0.714632 0.718086 0.721310 
0.000000 0.000000 0.000000 0.003854 0.007528 0.014546 0.028167 0.047829 0.075103 0.103680 0.143118 0.184561 0.226634 0.264203 0.300739 0.334978 0.368074 0.395624 0.422518 0.445549 0.466416 0.487497 0.505515 0.521857 0.536175 0.551174 0.564761 0.576813 0.588073 0.599676 0.608769 0.617343 0.626919 0.634889 0.642024 0.648921 0.655276 0.662846 0.668698 0.674719 0.679564 0.684875 0.690194 0.694588 0.698702 0.702930 0.707427 0.710609 0.714744 0.718128 0.721467 
0.000000 0.000000 0.000000 0.003529 0.007344 0.015433 0.028563 0.046512 0.073774 0.106095 0.144759 0.184471 0.227102 0.265825 0.302310 0.337943 0.370141 0.397486 0.423971 0.446988 0.468852 0.489880 0.506899 0.523032 0.537748 0.551873 0.564767 0.577193 0.588493 0.599592 0.608519 0.617290 0.627098 0.634559 0.641758 0.649351 0.656157 0.662915 0.668605 0.674300 0.680125 0.685364 0.689670 0.693992 0.699069 0.704054 0.707402 0.711295 0.714670 0.718496 0.722228 
0.000000 0.000000 0.000000 0.004189 0.008219 0.015671 0.028760 0.049232 0.076028 0.107775 0.149539 0.185470 0.227150 0.265771 0.303812 0.337868 0.369655 0.398930 0.424153 0.448125 0.469621 0.489074 0.505718 0.522897 0.538512 0.553017 0.565482 0.576586 0.588276 0.598686 0.608812 0.618544 0.626724 0.634943 0.643357 0.649447 0.656393 0.662650 0.668929 0.674475 0.680159 0.685974 0.690032 0.694960 0.698916 0.702883 0.707204 0.711251 0.715193 0.718720 0.722007 
0.000000 0.000000 0.000108 0.004068 0.008727 0.015764 0.032217 0.053458 0.079963 0.108268 0.149996 0.188315 0.228953 0.267801 0.306422 0.339185 0.371732 0.399568 0.425063 0.447639 0.470372 0.489294 0.507464 0.525039 0.538740 0.553422 0.566844 0.578003 0.589506 0.600164 0.609170 0.619459 0.627183 0.635855 0.642782 0.650267 0.656246 0.663070 0.669291 0.675577 0.680422 0.685131 0.690585 0.695030 0.698999 0.704169 0.707890 0.712181 0.715103 0.718624 0.721741 
0.000000 0.000000 0.000000 0.004351 0.009200 0.017752 0.030558 0.051022 0.078585 0.112237 0.150505 0.187119 0.230755 0.271160 0.306491 0.341372 0.370677 0.401442 0.425620 0.448628 0.471129 0.490828 0.508101 0.525315 0.539555 0.554250 0.566685 0.579356 0.589643 0.599931 0.609580 0.619130 0.627214 0.636856 0.643271 0.650253 0.656949 0.663243 0.669306 0.675295 0.680471 0.685845 0.690415 0.695017 0.699442 0.703301 0.707677 0.712087 0.715362 0.719031 0.722556 
0.000000 0.000000 0.001759 0.004295 0.009808 0.019645 0.032399 0.055126 0.079814 0.114444 0.150160 0.191998 0.233318 0.272297 0.309346 0.341267 0.373415 0.400436 0.427166 0.449903 0.472047 0.490571 0.509289 0.525926 0.539562 0.554432 0.567148 0.579696 0.590321 0.601222 0.610406 0.618549 0.627544 0.635601 0.643300 0.650924 0.657367 0.663494 0.669678 0.674981 0.681082 0.686021 0.690752 0.695105 0.700181 0.704126 0.707948 0.711327 0.715468 0.719632 0.722655 
0.000000 0.000000 0.000006 0.004490 0.010219 0.020438 0.034978 0.052240 0.079949 0.111645 0.151530 0.194007 0.232202 0.271949 0.310230 0.342439 0.373818 0.401044 0.427381 0.451656 0.471221 0.491997 0.509218 0.525720 0.541577 0.553635 0.567889 0.579525 0.590764 0.600374 0.611176 0.619553 0.627962 0.635567 0.643851 0.650445 0.657836 0.663369 0.669971 0.675542 0.680998 0.685972 0.691073 0.695557 0.699385 0.703988 0.707760 0.711842 0.715772 0.719048 0.722401 
0.000000 0.000000 0.000790 0.004396 0.010721 0.020145 0.035049 0.054690 0.079609 0.113879 0.152670 0.194739 0.232434 0.274812 0.309448 0.344991 0.375815 0.403917 0.428129 0.453286 0.473028 0.492189 0.510683 0.527009 0.542457 0.555038 0.568369 0.579995 0.591236 0.602464 0.610468 0.620376 0.627991 0.636200 0.643849 0.651731 0.657708 0.664145 0.670097 0.675004 0.681296 0.686007 0.691097 0.695815 0.699687 0.704068 0.708597 0.712258 0.715673 0.719233 0.722660 
0.000000 0.000000 0.002325 0.005028 0.011207 0.020862 0.036868 0.058022 0.080650 0.117904 0.152841 0.192697 0.235675 0.275586 0.309640 0.344055 0.376266 0.402919 0.430114 0.452469 0.474583 0.491631 0.509341 0.526135 0.541645 0.556131 0.568384 0.580591 0.591705 0.602062 0.611378 0.619911 0.628450 0.636742 0.643936 0.652109 0.658716 0.664411 0.670718 0.675852 0.681162 0.686087 0.691582 0.695955 0.700005 0.705248 0.708654 0.712224 0.715928 0.719902 0.723136 
0.000000 0.000000 0.000000 0.005054 0.010842 0.022476 0.034529 0.055433 0.081053 0.116139 0.155784 0.196254 0.238518 0.277853 0.312770 0.346746 0.377271 0.406032 0.429769 0.451820 0.473293 0.493092 0.511157 0.527561 0.542688 0.557552 0.569260 0.581169 0.592073 0.602529 0.611846 0.621124 0.628471 0.637497 0.645017 0.651729 0.658796 0.664916 0.671040 0.676576 0.681050 0.687128 0.691537 0.695630 0.700789 0.704473 0.708804 0.712335 0.716149 0.719952 0.722911 
0.000000 0.000000 0.000274 0.005406 0.011535 0.021845 0.037110 0.058467 0.084209 0.115167 0.153569 0.197383 0.239774 0.276662 0.312784 0.349402 0.377597 0.405395 0.430690 0.454449 0.475467 0.493547 0.511785 0.526441 0.543577 0.556693 0.569192 0.581079 0.591678 0.601990 0.611945 0.621239 0.630005 0.637606 0.644808 0.651352 0.659101 0.664863 0.671054 0.676553 0.681699 0.687174 0.692249 0.696864 0.700968 0.704927 0.709264 0.712523 0.716713 0.720191 0.723156 
0.000000 0.000000 0.002215 0.005592 0.012730 0.022931 0.035708 0.059780 0.084875 0.119532 0.156749 0.194842 0.240042 0.277662 0.313909 0.348483 0.378107 0.407803 0.431205 0.454622 0.475697 0.494781 0.513403 0.528574 0.542872 0.557777 0.569633 0.580958 0.592472 0.603824 0.612419 0.621153 0.630203 0.638141 0.645668 0.652070 0.658796 0.664856 0.671457 0.677208 0.682118 0.687548 0.691974 0.697073 0.700896 0.705311 0.709081 0.712864 0.716847 0.719742 0.723633 
0.000000 0.000000 0.000046 0.005827 0.013422 0.023308 0.037704 0.060300 0.088144 0.119517 0.155912 0.197227 0.239124 0.278582 0.313972 0.348965 0.378975 0.406171 0.432944 0.455997 0.476537 0.495768 0.512268 0.528281 0.544811 0.557414 0.570143 0.581773 0.593012 0.603019 0.612836 0.622569 0.629578 0.638295 0.645379 0.653208 0.659389 0.665753 0.672039 0.676505 0.682473 0.687285 0.691963 0.696808 0.701526 0.704728 0.709720 0.713224 0.716463 0.720556 0.722963 
0.000000 0.000000 0.000000 0.005811 0.012550 0.023017 0.040463 0.059381 0.085670 0.121602 0.157313 0.201024 0.240071 0.280055 0.316332 0.347546 0.380031 0.406139 0.433053 0.456235 0.477716 0.496099 0.514242 0.530274 0.544179 0.558892 0.569924 0.582030 0.593782 0.604017 0.614171 0.622442 0.630531 0.639476 0.645720 0.652630 0.659335 0.665692 0.671539 0.676904 0.682465 0.688297 0.692482 0.697213 0.701582 0.705491 0.709606 0.713824 0.716881 0.720480 0.723757 
0.000000 0.000000 0.002602 0.006594 0.013905 0.024284 0.038634 0.059331 0.088923 0.122998 0.157135 0.201396 0.240992 0.279255 0.316322 0.348399 0.379145 0.409097 0.434957 0.455916 0.476695 0.496348 0.514246 0.530472 0.544765 0.559426 0.570625 0.583216 0.594054 0.603653 0.613418 0.622761 0.631325 0.638808 0.645968 0.653533 0.660058 0.666541 0.672141 0.676747 0.683137 0.687596 0.692859 0.696808 0.701353 0.705994 0.709882 0.713910 0.716897 0.720652 0.724040 
0.000000 0.000000 0.000012 0.007174 0.014313 0.024192 0.038683 0.059397 0.088151 0.118786 0.158885 0.201564 0.240526 0.280495 0.317349 0.350702 0.381207 0.409345 0.433363 0.456879 0.477259 0.496676 0.514297 0.530928 0.545556 0.558947 0.571987 0.584355 0.594700 0.604368 0.613186 0.622608 0.631244 0.639484 0.646735 0.653205 0.659931 0.666329 0.672091 0.678134 0.682922 0.688561 0.692109 0.697629 0.702073 0.705636 0.709808 0.714042 0.717332 0.720592 0.724239 
0.000000 0.000000 0.000798 0.007293 0.014914 0.025149 0.038343 0.062361 0.088722 0.123121 0.159926 0.202504 0.244156 0.281730 0.319528 0.352702 0.383071 0.409632 0.435140 0.456795 0.478667 0.496923 0.514892 0.530644 0.545756 0.558972 0.572639 0.583773 0.594287 0.605062 0.613667 0.623022 0.631743 0.639173 0.647118 0.654523 0.660570 0.666558 0.672374 0.678134 0.683475 0.688250 0.692778 0.697635 0.702504 0.706263 0.710242 0.713371 0.717657 0.720907 0.724048 
0.000000 0.000000 0.002782 0.007435 0.014435 0.027116 0.042429 0.060882 0.088607 0.119220 0.160442 0.203821 0.243859 0.280130 0.318683 0.352094 0.382938 0.410633 0.436802 0.458807 0.479021 0.497270 0.514609 0.531461 0.547247 0.560360 0.571812 0.583327 0.595675 0.605218 0.614935 0.623450 0.631729 0.638982 0.646999 0.653803 0.660265 0.666997 0.673507 0.678162 0.683388 0.688600 0.692913 0.698127 0.702593 0.706402 0.709867 0.714221 0.717709 0.721122 0.724483 
0.000000 0.000000 0.002875 0.007020 0.016100 0.026442 0.041805 0.062291 0.089997 0.122192 0.164015 0.206425 0.244978 0.283181 0.318662 0.353822 0.383608 0.412409 0.435632 0.457292 0.478687 0.497196 0.516056 0.531769 0.546194 0.560323 0.572955 0.584000 0.594914 0.605287 0.614434 0.623425 0.632472 0.639542 0.647607 0.654410 0.661139 0.667296 0.673655 0.678439 0.683260 0.688511 0.693676 0.698158 0.702454 0.706235 0.710438 0.714366 0.717632 0.721158 0.724275 
0.000000 0.000000 0.003128 0.008185 0.015439 0.027353 0.043716 0.063520 0.090070 0.126053 0.163407 0.205030 0.246709 0.283002 0.320615 0.355785 0.384569 0.412331 0.436607 0.460265 0.479270 0.498334 0.516011 0.532547 0.547298 0.561077 0.573422 0.585142 0.595476 0.605912 0.614972 0.623890 0.632587 0.639946 0.647894 0.654216 0.660879 0.666950 0.673417 0.678199 0.683832 0.689029 0.694588 0.698092 0.702551 0.706348 0.710919 0.714482 0.717483 0.721577 0.725311 
0.000000 0.000000 0.003109 0.007832 0.015265 0.028415 0.044240 0.063900 0.091961 0.124112 0.164876 0.203786 0.246434 0.284108 0.323707 0.354655 0.386201 0.410600 0.437098 0.458968 0.479156 0.499410 0.516624 0.532775 0.547139 0.561179 0.573432 0.584845 0.596221 0.605731 0.615511 0.624640 0.632822 0.640653 0.648420 0.654630 0.660822 0.668043 0.673410 0.679804 0.684464 0.689474 0.693291 0.698327 0.702753 0.706425 0.711044 0.714273 0.718036 0.721803 0.725036 
0.000000 0.000000 0.003108 0.008564 0.016104 0.027723 0.042860 0.065965 0.092636 0.122207 0.165012 0.204288 0.245492 0.286639 0.319446 0.355759 0.385011 0.413114 0.438071 0.459982 0.481569 0.500443 0.517388 0.532463 0.546266 0.560357 0.573455 0.585436 0.596253 0.606882 0.615886 0.624483 0.633107 0.640345 0.648582 0.655978 0.661664 0.667401 0.673866 0.679046 0.684310 0.689011 0.693979 0.698714 0.702850 0.706920 0.710747 0.714416 0.718299 0.722121 0.724723 
0.000000 0.000000 0.003043 0.008554 0.017270 0.027108 0.043955 0.068842 0.091453 0.124752 0.164800 0.205122 0.246986 0.286838 0.322811 0.357382 0.386263 0.412716 0.437777 0.460234 0.482090 0.500348 0.519046 0.533827 0.547433 0.561835 0.574071 0.585667 0.596534 0.606160 0.616505 0.625337 0.634015 0.640813 0.648140 0.654959 0.662683 0.667749 0.673929 0.679321 0.684424 0.689545 0.694112 0.698726 0.703129 0.706773 0.710884 0.715194 0.718642 0.721640 0.724674 
0.000000 0.000000 0.003584 0.008955 0.017277 0.030033 0.043746 0.065641 0.091881 0.124806 0.164213 0.203792 0.246653 0.284830 0.323051 0.357466 0.385535 0.414366 0.438505 0.460668 0.482367 0.500298 0.518829 0.533720 0.548778 0.561465 0.574400 0.585402 0.597191 0.607177 0.616817 0.625692 0.634215 0.641472 0.648121 0.655335 0.661074 0.668326 0.674454 0.679562 0.684526 0.690454 0.694674 0.698740 0.703233 0.706861 0.711134 0.714924 0.718392 0.722801 0.725051 



